320752.634	2747646.545
320795.264	2747572.042
320857.047	2747587.293
320907.268	2747575.792
320938.145	2747541.041
321007.681	2747502.289
321042.436	2747440.536
321073.315	2747378.783
321100.35	2747332.53
321127.385	2747293.778
321185.327	2747236.025
321235.523	2747127.77
321324.372	2747077.518
321393.876	2747046.767
321490.412	2747000.266
321556.071	2746988.766
321637.169	2746950.265
321760.74	2746873.013
321841.839	2746830.511
321915.22	2746764.759
321996.321	2746676.006
322054.265	2746598.753
322135.362	2746571.754
322220.335	2746537.004
322266.683	2746494.503
322332.311	2746459.753
322370.941	2746398.001
322432.727	2746347.75
322486.794	2746289.749
322521.548	2746235.75
322525.426	2746185.498
322544.745	2746085.246
322529.314	2745973.243
322520.507	2745870.999
322565.762	2745803.007
322588.39	2745750.261
322618.55	2745697.516
322633.656	2745501.276
322671.379	2745441.028
322686.478	2745343.03
322686.484	2745229.781
322678.925	2745154.531
322746.808	2745041.286
322746.814	2744928.287
322724.192	2744845.287
322769.446	2744784.791
322829.793	2744739.545
322905.237	2744634.05
323018.367	2744558.558
323086.246	2744513.314
323161.686	2744483.321
323305.001	2744498.331
323453.126	2744590.089
323515.879	2744556.344
323560.412	2744536.096
323647.133	2744534.598
323722.539	2744602.345
323813.038	2744670.342
323880.942	2744753.337
323933.721	2744836.082
323988.69	2744859.08
324065.911	2744847.58
324181.789	2744851.576
324243.572	2744839.825
324289.917	2744832.075
324336.264	2744793.576
324417.362	2744747.078
324490.739	2744751.076
324540.927	2744754.822
324567.961	2744720.073
324591.151	2744685.324
324629.746	2744673.822
324703.123	2744662.317
324734.033	2744608.068
324788.1	2744554.067
324838.291	2744519.315
324888.513	2744488.565
324930.983	2744465.316
324988.922	2744442.066
325031.391	2744411.32
325070.015	2744357.079
325108.609	2744314.586
325205.168	2744364.821
325280.447	2744376.565
325343.227	2744362.064
325396.32	2744347.565
325449.412	2744333.065
325463.882	2744226.835
325444.57	2744173.847
325454.227	2744096.612
325468.727	2744014.378
325502.506	2743927.651
325541.127	2743831.178
325565.249	2743739.454
325574.904	2743686.469
325613.526	2743637.979
325681.085	2743652.468
325734.175	2743662.209
325821.077	2743647.704
325874.167	2743628.453
325927.258	2743609.202
325970.693	2743589.702
326033.439	2743541.454
326086.528	2743493.205
326105.839	2743435.217
326144.461	2743391.971
326197.55	2743309.73
326230.235	2743265.983
326376.754	2743044.243
326428.718	2742958.245
326450.091	2742830.016
326482.962	2742616.298
326482.961	2742550.562
326532.298	2742221.598
326515.858	2741942.156
326614.501	2741547.591
326762.474	2741218.314
327009.092	2740823.08
327107.779	2740329.717
327189.998	2740066.728
327321.524	2739869.253
327469.52	2739754.275
327509.083	2739765.017
327551.679	2739783.761
327592.337	2739801.005
327636.807	2739809.753
327690.809	2739796.508
327735.248	2739769.018
327775.906	2739754.523
327810.845	2739783.014
327841.003	2739855.493
327879.567	2739904.48
327918.38	2739947.719
327964.757	2739962.717
328009.852	2739956.971
328059.385	2739937.478
328097.512	2739933.481
328148.326	2739949.979
328186.452	2739964.477
328234.766	2739976.476
328287.487	2739973.229
328331.958	2739975.231
328372.616	2739976.232
328418.367	2739997.23
328460.305	2740024.976
328497.836	2740050.472
328538.493	2740080.219
328567.744	2740104.216
328602.713	2740143.46
328645.963	2740182.205
328684.119	2740225.698
328705.743	2740259.943
328731.18	2740297.437
328766.148	2740334.182
328800.492	2740362.679
328834.804	2740387.926
328878.024	2740409.425
328923.15	2740422.177
328962.526	2740422.68
329012.716	2740414.936
329072.406	2740411.942
329111.158	2740411.196
329150.535	2740395.203
329189.288	2740380.709
329250.259	2740372.216
329299.167	2740379.219
329346.2	2740385.472
329405.921	2740384.727
329499.269	2740373.988
329538.021	2740371.502
329595.838	2740350.525
329636.466	2740332.041
329673.938	2740307.805
329717.098	2740273.569
329754.539	2740245.579
329791.386	2740214.587
329821.201	2740189.092
329861.829	2740155.348
329898.675	2740128.101
329932.959	2740106.603
329988.836	2740096.359
330034.587	2740096.362
330082.87	2740098.115
330136.215	2740096.118
330179.403	2740095.371
330241.03	2740094.124
330287.406	2740092.876
330333.782	2740092.879
330380.783	2740092.132
330429.722	2740094.635
330479.879	2740094.638
330530.068	2740091.89
330568.194	2740088.641
330624.727	2740086.144
330665.384	2740088.646
330702.229	2740096.899
330738.448	2740110.153
330779.135	2740136.159
330821.729	2740161.414
330856.042	2740177.168
330894.792	2740194.172
330945.637	2740200.675
330992.013	2740198.676
331042.827	2740195.427
331088.577	2740213.181
331140.702	2740245.437
331182.64	2740261.94
331234.109	2740287.194
331283.047	2740311.198
331323.109	2740340.203
331347.92	2740387.209
331368.263	2740422.713
331390.543	2740458.968
331419.167	2740501.223
331458.572	2740546.974
331496.103	2740577.975
331531.696	2740600.225
331574.915	2740625.976
331618.134	2740651.477
331660.696	2740674.728
331715.978	2740687.979
331758.541	2740692.48
331804.292	2740702.481
331851.919	2740687.232
331888.734	2740647.983
331894.424	2740595.233
331891.832	2740546.482
331945.803	2740529.234
331998.523	2740530.985
332037.93	2740532.985
332107.181	2740560.237
332146.617	2740601.238
332172.679	2740632.988
332209.553	2740669.739
332253.428	2740691.99
332318.867	2740703.741
332365.242	2740714.491
332407.836	2740743.742
332447.866	2740781.743
332476.491	2740806.993
332511.459	2740831.243
332552.741	2740847.493
332595.96	2740855.743
332641.711	2740861.993
332688.149	2740863.243
332689.37	2740818.743
332690.591	2740773.243
332691.093	2740734.493
332693.72	2740675.493
332700.598	2740626.993
332707.82	2740553.242
332712.76	2740508.742
332715.855	2740464.491
332721.42	2740420.739
332726.422	2740373.236
332730.174	2740323.234
332732.114	2740269.982
332735.335	2740216.229
332740.368	2740164.477
332743.558	2740112.474
332750.467	2740059.971
332754.844	2740012.469
332760.408	2739968.217
332764.754	2739922.465
332767.912	2739873.714
332772.352	2739818.711
332775.667	2739757.459
332777.044	2739699.457
332780.297	2739640.705
332782.268	2739584.953
332787.301	2739535.701
332792.866	2739491.95
332798.43	2739447.448
332803.432	2739400.697
332810.934	2739351.445
332815.342	2739300.193
332819.75	2739250.692
332824.658	2739209.44
332835.535	2739141.437
332848.194	2739082.185
332863.946	2739022.932
332872.573	2738984.181
332881.231	2738943.678
332888.639	2738902.426
332895.453	2738858.673
332902.892	2738816.171
332909.675	2738775.169
332915.802	2738736.916
332926.711	2738667.162
332935.808	2738590.908
332941.341	2738550.156
332952.219	2738482.902
332965.002	2738414.149
332973.628	2738375.397
332981.067	2738330.395
332990.381	2738288.143
332996.507	2738248.641
333003.914	2738208.889
333010.041	2738169.387
333020.636	2738104.385
333026.762	2738066.883
333035.701	2738012.13
333083.578	2737964.628
333093.267	2737917.376
333101.706	2737871.123
333108.864	2737823.371
333117.303	2737775.118
333125.773	2737735.616
333135.493	2737696.114
333150.776	2737642.861
333168.466	2737580.858
333189.312	2737521.104
333207.002	2737460.851
333225.911	2737389.347
333242.319	2737323.593
333255.728	2737275.09
333267.261	2737225.087
333280.607	2737166.084
333295.172	2737100.83
333310.361	2737036.826
333324.957	2736976.823
333337.678	2736918.319
333354.805	2736865.066
333374.463	2736816.063
333399.059	2736758.81
333427.405	2736698.056
333453.876	2736641.552
333477.222	2736583.548
333501.225	2736530.295
333525.227	2736476.291
333548.635	2736424.788
333572.606	2736366.284
333597.827	2736310.531
333623.11	2736260.778
333650.862	2736206.025
333682.271	2736143.271
333701.428	2736109.269
333720.555	2736074.017
333740.931	2736039.515
333761.339	2736007.513
333795.278	2735945.759
333830.468	2735885.006
333861.283	2735824.502
333889.597	2735761.749
333921.006	2735693.245
333938.257	2735657.993
333954.258	2735620.491
333969.603	2735581.989
333985.604	2735545.738
334002.855	2735510.486
334020.731	2735476.484
334055.92	2735413.731
334093.61	2735350.728
334130.643	2735285.975
334149.769	2735251.474
334186.208	2735189.971
334213.366	2735138.968
334240.555	2735096.216
334260.9	2735057.215
334294.059	2734983.211
334346.561	2734881.206
334376.751	2734817.953
334406.346	2734761.2
334434.754	2734710.948
334461.317	2734666.946
334487.85	2734619.194
334509.351	2734567.691
334524.009	2734518.688
334539.886	2734464.184
334557.012	2734408.431
334572.295	2734359.428
334584.515	2734316.675
334597.923	2734267.172
334611.33	2734218.169
334625.363	2734168.666
334636.989	2734131.663
334659.115	2734076.909
334682.492	2734022.906
334709.619	2733969.652
334729.339	2733929.899
334747.779	2733888.646
334758.562	2733843.393
334773.877	2733774.388
334779.785	2733720.635
334780.099	2733674.132
334780.412	2733631.63
334778.851	2733582.127
334776.603	2733525.124
334772.418	2733460.871
334767.607	2733394.367
334762.14	2733326.114
334758.61	2733266.861
334751.33	2733206.108
334740.394	2733158.606
334740.051	2733106.603
334734.677	2733049.6
334733.71	2732997.097
334735.211	2732944.594
334738.555	2732882.591
334738.306	2732844.339
334740.526	2732806.087
334740.058	2732735.334
334740.247	2732670.831
334741.06	2732603.827
334735.593	2732534.324
334730.968	2732496.822
334725.719	2732459.321
334717.751	2732390.568
334711.127	2732331.816
334703.815	2732267.313
334699.785	2732228.061
334695.16	2732187.81
334685.942	2732118.557
334680.568	2732062.055
334677.631	2731997.052
334675.882	2731921.299
334675.007	2731883.047
334672.039	2731815.044
334669.758	2731754.292
334666.883	2731698.539
334664.696	2731649.787
334663.665	2731593.285
334664.479	2731524.532
334667.197	2731465.03
334669.354	2731413.028
334674.541	2731352.775
334681.572	2731282.773
334692.948	2731210.02
334703.729	2731139.767
334713.886	2731069.014
334722.23	2731009.511
334726.292	2730965.51
334727.823	2730913.758
334728.135	2730868.006
334727.76	2730812.254
334726.103	2730751.502
334728.228	2730694.5
334730.915	2730631.998
334733.602	2730565.496
334737.508	2730498.493
334740.789	2730426.991
334744.695	2730358.239
334748.663	2730299.987
334751.444	2730247.986
334756.756	2730201.484
334764.537	2730153.982
334772.912	2730098.731
334781.912	2730043.729
334787.881	2730000.477
334800.037	2729951.476
334816.474	2729887.474
334837.194	2729811.722
334849.412	2729770.221
334859.725	2729726.219
334869.412	2729680.468
334876.6	2729634.717
334884.412	2729588.966
334891.037	2729548.215
334899.318	2729479.963
334907.067	2729425.461
334916.692	2729373.96
334923.91	2729331.958
334925.409	2729276.207
334916.907	2729218.706
334911.625	2729178.705
334915.124	2729139.204
334925.405	2729090.952
334932.655	2729050.951
334938.529	2728999.449
334948.748	2728939.448
334955.279	2728889.197
334962.498	2728845.446
334972.78	2728794.444
334986.124	2728739.443
335000.094	2728679.691
335015.312	2728618.94
335026.187	2728562.439
335036.468	2728516.688
335047.406	2728467.187
335060.782	2728413.186
335072.251	2728356.186
335081.189	2728292.935
335093.846	2728223.434
335107.222	2728165.683
335123.098	2728114.932
335138.973	2728058.432
335152.943	2727999.431
335165.724	2727951.179
335177.287	2727906.678
335196.349	2727858.176
335215.974	2727807.425
335233.755	2727755.923
335251.505	2727703.171
335268.099	2727660.42
335290.161	2727600.918
335301.786	2727563.917
335312.13	2727521.165
335323.661	2727472.163
335333.912	2727417.662
335342.943	2727368.16
335351.975	2727316.158
335364.694	2727259.156
335380.569	2727203.904
335393.413	2727162.402
335409.976	2727118.65
335427.226	2727080.148
335443.695	2727024.896
335456.539	2726981.644
335413.634	2726951.894
335359.509	2726943.896
335312.384	2726936.898
335265.853	2726925.399
335212.322	2726914.151
335169.603	2726903.903
335131.947	2726893.154
335096.197	2726879.655
335046.791	2726845.406
334989.384	2726829.159
334937.882	2726826.662
334896.849	2726799.913
334875.316	2726756.413
334848.722	2726715.664
334800.032	2726734.668
334765.561	2726770.671
334740.122	2726817.424
334694.901	2726859.178
334641.055	2726823.93
334601.085	2726781.431
334568.147	2726741.182
334540.427	2726712.433
334497.363	2726674.434
334447.331	2726640.685
334416.518	2726617.186
334384.361	2726588.436
334354.204	2726565.437
334313.048	2726529.687
334286.422	2726486.937
334276.298	2726440.935
334281.33	2726390.683
334305.675	2726357.43
334339.927	2726304.176
334330.365	2726252.424
334296.584	2726196.923
334283.991	2726157.922
334273.304	2726117.42
334259.305	2726068.169
334235.836	2726023.418
334197.149	2725982.668
334145.368	2725958.669
334096.993	2725953.671
334056.961	2725954.172
334010.523	2725949.924
333967.054	2725931.425
333937.492	2725906.425
333911.681	2725876.425
333918.026	2725826.922
333942.903	2725785.918
333981.373	2725764.415
334025.03	2725749.162
334055.719	2725714.409
334069.658	2725662.406
334071.566	2725614.653
334064.067	2725576.151
334050.788	2725533.149
334030.539	2725490.898
334005.291	2725457.647
333972.386	2725418.896
333933.763	2725380.645
333909.139	2725344.894
333886.453	2725310.893
333856.048	2725270.892
333827.675	2725240.642
333784.738	2725212.142
333736.394	2725209.145
333682.863	2725197.647
333650.176	2725177.897
333609.239	2725156.398
333557.49	2725137.4
333506.303	2725109.402
333470.428	2725088.402
333435.304	2725074.403
333381.866	2725070.656
333336.647	2725063.158
333276.678	2725046.16
333240.928	2725033.911
333195.429	2725006.162
333161.992	2724974.912
333129.899	2724951.912
333086.337	2724926.414
333038.931	2724897.915
333002.401	2724872.416
332956.87	2724843.166
332925.463	2724822.167
332892.057	2724795.917
332861.276	2724772.918
332810.932	2724762.92
332770.868	2724761.422
332723.774	2724757.174
332680.211	2724729.175
332642.899	2724695.425
332619.618	2724664.675
332598.837	2724631.425
332570.245	2724584.174
332544.87	2724538.924
332506.339	2724508.924
332462.245	2724490.676
332425.807	2724473.927
332389.963	2724454.928
332348.931	2724428.179
332321.15	2724392.929
332302.151	2724349.428
332265.933	2724303.678
332224.37	2724283.929
332184.619	2724256.68
332147.995	2724205.93
332118.152	2724154.68
332096.621	2724106.429
332094.654	2724068.178
332094.092	2724026.926
332096.218	2723978.174
332123.595	2723934.671
332124.627	2723878.919
332095.158	2723829.668
332071.689	2723799.668
332042.782	2723756.168
332018.876	2723714.667
331995.094	2723664.916
331984.282	2723628.665
332000.189	2723579.412
332038.566	2723541.659
332028.504	2723490.657
331994.722	2723459.908
331949.907	2723452.909
331899.186	2723467.662
331862.404	2723477.414
331806.745	2723473.916
331766.868	2723471.418
331717.991	2723480.67
331679.24	2723485.172
331612.987	2723508.176
331607.206	2723440.673
331608.831	2723395.67
331631.395	2723357.918
331651.396	2723315.665
331652.334	2723269.162
331641.896	2723217.16
331618.052	2723174.409
331616.49	2723123.657
331618.178	2723070.404
331618.49	2723027.902
331618.209	2722981.399
331630.021	2722932.146
331657.054	2722889.893
331675.21	2722846.89
331683.241	2722798.137
331668.396	2722750.885
331640.832	2722706.384
331607.456	2722671.633
331553.547	2722660.384
331505.952	2722651.635
331458.419	2722636.135
331408.792	2722639.387
331358.416	2722657.139
331306.82	2722668.141
331262.256	2722674.642
331221.505	2722683.144
331178.378	2722673.894
331161.596	2722628.642
331163.283	2722581.889
331150.376	2722535.887
331117.687	2722496.386
331088.248	2722453.634
331071.527	2722403.882
331060.556	2722352.379
331051.524	2722303.377
331040.522	2722255.124
331030.801	2722209.872
331016.83	2722143.118
331010.985	2722091.616
331012.108	2722038.363
330999.857	2721989.36
330958.168	2721966.109
330915.042	2721954.359
330865.009	2721938.609
330815.476	2721933.11
330774.162	2721932.611
330723.348	2721932.862
330671.252	2721927.863
330625.751	2721906.612
330600.719	2721866.86
330581.5	2721818.606
330552.655	2721777.104
330496.497	2721737.102
330470.871	2721692.099
330450.214	2721659.597
330387.554	2721631.096
330341.239	2721625.596
330292.736	2721646.099
330249.889	2721672.352
330206.387	2721703.606
330161.04	2721725.358
330111.912	2721745.361
330064.128	2721761.863
330017.563	2721776.615
329979.217	2721799.868
329934.527	2721819.121
329882.43	2721819.122
329835.428	2721817.373
329801.613	2721834.875
329772.143	2721859.378
329741.861	2721897.132
329719.828	2721944.886
329713.641	2721992.89
329712.517	2722042.393
329706.269	2722095.646
329657.298	2722101.647
329606.576	2722093.398
329556.917	2722099.899
329517.416	2722114.901
329475.258	2722135.903
329437.507	2722162.905
329402.912	2722193.658
329366.318	2722232.661
329338.63	2722272.413
329311.568	2722310.916
329271.254	2722338.918
329223.689	2722331.669
329182.685	2722300.168
329149.213	2722275.667
329109.46	2722247.917
329045.518	2722221.416
328999.983	2722199.916
328969.167	2722164.665
328938.413	2722121.913
328906.378	2722084.161
328860.281	2722052.66
328807.776	2722024.91
328771.054	2722011.159
328742.77	2721976.157
328731.206	2721925.154
328731.58	2721885.901
328744.112	2721835.897
328754.612	2721799.644
328774.143	2721751.139
328784.143	2721699.885
328788.455	2721649.131
328749.983	2721617.629
328701.542	2721629.881
328659.415	2721652.134
328614.1	2721673.386
328577.128	2721683.137
328528.188	2721686.638
328477.872	2721694.39
328428.868	2721703.391
328391.304	2721709.893
328353.051	2721722.394
328308.33	2721746.647
328262.859	2721782.401
328225.014	2721820.154
328201.701	2721867.408
328181.638	2721910.412
328157.825	2721940.665
328115.542	2721975.168
328074.509	2722012.671
328047.571	2722039.174
328007.164	2722076.927
327971.227	2722113.429
327937.164	2722158.683
327913.166	2722211.686
327901.137	2722271.19
327886.076	2722318.193
327859.608	2722362.196
327829.983	2722402.699
327790.482	2722416.701
327758.291	2722391.7
327715.194	2722376.2
327668.537	2722402.953
327630.316	2722415.204
327580.875	2722399.704
327535.903	2722380.204
327481.9	2722378.455
327419.491	2722394.207
327381.209	2722409.209
327345.174	2722386.458
327324.609	2722342.456
327298.323	2722298.454
327262.475	2722255.703
327229.753	2722221.201
327186.124	2722197.701
327148.06	2722189.952
327104.994	2722170.951
327060.771	2722142.701
327029.83	2722117.7
327020.108	2722070.698
327023.105	2722021.695
326999.351	2721975.192
326978.16	2721932.44
326978.594	2721883.686
326984.747	2721837.433
326976.275	2721788.93
326958.896	2721744.427
326931.955	2721703.675
326899.201	2721667.673
326847.947	2721642.422
326806.911	2721611.671
326774.814	2721578.419
326722.683	2721541.668
326688.929	2721512.166
326654.613	2721482.165
326622.296	2721453.163
326580.51	2721424.911
326545.788	2721403.91
326507.94	2721381.659
326465.155	2721355.408
326418.557	2721323.906
326380.179	2721295.405
326335.518	2721263.903
326304.046	2721238.152
326263.071	2721190.148
326239.722	2721139.645
326229.592	2721087.89
326227.68	2721037.386
326237.771	2720994.132
326247.893	2720950.628
326259.889	2720892.122
326266.823	2720852.369
326278.164	2720806.615
326288.192	2720752.61
326277.344	2720701.356
326258.214	2720656.602
326233.992	2720625.6
326199.018	2720585.847
326179.857	2720552.345
326162.041	2720517.592
326145.445	2720482.34
326127.57	2720428.587
326117.945	2720388.085
326105.788	2720336.082
326090.475	2720290.58
326073.85	2720239.578
326066.132	2720193.326
326050.757	2720140.573
326020.224	2720103.321
325989.63	2720069.57
325953.381	2720040.57
325907.569	2720008.57
325866.757	2719973.819
325816.509	2719932.319
325821.229	2719881.567
325839.387	2719830.064
325850.608	2719793.062
325856.078	2719755.06
325858.892	2719703.558
325848.425	2719660.557
325837.989	2719622.555
325813.397	2719568.304
325792.648	2719518.802
325776.399	2719475.8
325764.651	2719435.799
325754.746	2719394.798
325744.841	2719349.796
325737.53	2719306.545
325730.063	2719246.292
325724.034	2719198.041
325716.754	2719160.039
325708.224	2719120.788
325694.006	2719079.036
325681.007	2719037.035
325662.29	2718985.784
325645.541	2718946.532
325624.98	2718908.032
325593.575	2718859.28
325570.513	2718827.78
325540.482	2718791.029
325507.827	2718747.528
325482.265	2718715.278
325450.297	2718678.527
325424.704	2718648.776
325395.954	2718611.025
325372.268	2718579.775
325343.456	2718534.773
325321.02	2718489.272
325306.208	2718453.271
325292.709	2718410.77
325282.335	2718370.268
325274.524	2718332.267
325271.15	2718285.265
325280.402	2718232.513
325292.966	2718196.262
325315.031	2718154.26
325336.501	2718123.008
325293.314	2718084.507
325243.688	2718070.758
325192.78	2718059.008
325153.342	2718048.509
325103.059	2718031.009
325066.152	2718019.259
325019.089	2718008.01
324977.775	2718003.76
324925.024	2718000.261
324886.898	2717997.261
324845.554	2717991.762
324793.428	2717980.013
324751.366	2717951.762
324712.428	2717917.012
324680.522	2717888.512
324650.554	2717859.511
324614.835	2717832.511
324571.616	2717823.261
324534.27	2717854.013
324510.924	2717887.765
324474.891	2717925.266
324435.076	2717964.768
324405.356	2717994.77
324378.823	2718024.271
324334.416	2718042.272
324284.32	2718061.524
324236.787	2718083.275
324203.942	2718120.277
324177.503	2718170.529
324149.783	2718213.781
324123.937	2718254.783
324095.592	2718302.285
324076.059	2718337.536
324047.057	2718378.788
324005.273	2718412.789
323968.553	2718435.04
323925.458	2718457.542
323884.926	2718483.793
323838.049	2718514.545
323802.579	2718537.546
323751.86	2718556.297
323707.452	2718573.048
323649.795	2718600.05
323602.919	2718628.802
323567.45	2718653.053
323536.449	2718676.805
323496.573	2718709.306
323464.916	2718733.558
323426.946	2718763.059
323382.008	2718796.811
323352.913	2718821.813
323316.162	2718839.064
323269.192	2718850.065
323224.723	2718852.315
323171.315	2718846.816
323104.532	2718823.065
323061.188	2718795.315
323028.656	2718769.564
322998.686	2718743.813
322969.311	2718718.562
322924.029	2718683.31
322883.216	2718652.309
322848.777	2718625.808
322799.839	2718618.557
322752.119	2718608.557
322711.431	2718604.306
322655.492	2718596.556
322600.21	2718594.806
322557.115	2718624.807
322518.521	2718656.308
322476.145	2718693.81
322441.394	2718730.812
322406.018	2718771.063
322367.423	2718804.815
322323.079	2718831.816
322275.546	2718858.067
322235.045	2718888.818
322195.169	2718921.319
322159.669	2718948.07
322125.449	2718965.571
322084.198	2718974.071
322045.479	2718978.071
322007.353	2718979.571
321946.445	2718993.822
321909.757	2719027.573
321883.912	2719070.325
321859.38	2719119.827
321824.629	2719167.579
321786.035	2719198.33
321741.033	2719217.081
321700.439	2719233.082
321660.5	2719247.832
321607.874	2719274.833
321512.871	2719331.835
321471.714	2719363.087
321443.963	2719403.338
321436.556	2719443.34
321427.9	2719496.092
321407.868	2719560.096
321360.71	2719521.844
321321.209	2719501.093
321276.614	2719477.091
321242.207	2719459.59
321189.361	2719433.839
321153.048	2719416.338
321101.484	2719391.087
321048.67	2719373.086
321004.762	2719361.835
320965.386	2719360.835
320924.729	2719365.585
320880.977	2719376.585
320827.57	2719367.835
320776.631	2719340.833
320707.91	2719318.332
320668.409	2719294.581
320637.689	2719247.079
320610.157	2719199.576
320575.062	2719163.074
320539.405	2719148.073
320492.966	2719138.823
320449.777	2719135.072
320397.681	2719131.571
320357.586	2719121.57
320313.584	2719082.567
320284.771	2719036.314
320259.177	2718997.811
320223.489	2718975.809
320176.988	2718943.557
320143.831	2718925.556
320108.174	2718904.054
320068.61	2718871.802
320034.172	2718842.8
320004.202	2718817.048
319960.202	2718783.047
319931.482	2718758.546
319881.825	2718724.545
319834.042	2718701.295
319802.791	2718676.044
319763.228	2718640.042
319737.602	2718597.04
319738.04	2718559.039
319735.946	2718519.037
319727.446	2718470.785
319717.071	2718430.784
319708.603	2718385.783
319702.697	2718347.781
319684.666	2718298.78
319653.947	2718256.529
319615.039	2718225.528
319586.945	2718199.778
319568.289	2718148.276
319549.039	2718112.275
319527.257	2718078.774
319496.569	2718036.523
319471.6	2717997.773
319451.725	2717965.023
319427.35	2717916.274
319404.882	2717866.275
319391.351	2717830.775
319372.664	2717778.775
319361.009	2717736.276
319342.322	2717682.026
319319.947	2717650.276
319293.103	2717621.277
319256.727	2717589.028
319218.476	2717561.279
319177.069	2717540.78
319151.444	2717499.031
319136.038	2717463.531
319105.35	2717425.031
319055.724	2717412.533
319004.129	2717388.034
318965.91	2717368.536
318920.096	2717353.037
318859.002	2717331.79
318805.657	2717334.542
318750.437	2717349.545
318713.686	2717364.797
318670.497	2717371.548
318626.028	2717369.8
318585.34	2717367.552
318526.901	2717369.805
318476.712	2717367.557
318420.117	2717358.309
318381.929	2717345.81
318346.897	2717328.062
318313.084	2717306.063
318265.395	2717295.565
318222.144	2717288.816
318166.236	2717285.319
318113.547	2717295.071
318076.139	2717310.573
318031.762	2717329.825
317975.229	2717334.577
317921.227	2717341.33
317883.726	2717336.331
317834.068	2717320.083
317778.098	2717309.085
317731.158	2717328.338
317671.406	2717321.09
317637.031	2717304.841
317594.435	2717302.343
317551.934	2717314.845
317510.151	2717344.847
317469.649	2717379.35
317435.397	2717397.852
317396.739	2717417.103
317343.518	2717445.356
317292.079	2717448.109
317255.797	2717437.61
317220.139	2717420.611
317172.388	2717408.863
317119.074	2717418.616
317082.291	2717431.618
317023.226	2717436.87
316973.63	2717436.623
316924.065	2717439.376
316876.469	2717451.629
316830.123	2717459.882
316783.089	2717453.635
316739.181	2717440.137
316700.335	2717428.14
316658.364	2717421.392
316607.549	2717422.395
316569.422	2717424.398
316521.139	2717421.651
316482.98	2717415.402
316431.445	2717411.152
316390.816	2717416.652
316348.251	2717422.403
316298.684	2717421.403
316244.617	2717412.153
316194.958	2717389.153
316138.985	2717379.153
316097.762	2717398.403
316056.571	2717419.654
316002.536	2717417.404
315941.541	2717415.162
315883.139	2717419.419
315841.861	2717423.425
315797.428	2717433.181
315738.339	2717428.938
315712.438	2717460.194
315665.188	2717409.196
315628.219	2717384.449
315601.935	2717338.947
315582.058	2717306.196
315550.053	2717256.695
315532.048	2717217.442
315514.667	2717171.188
315491.008	2717140.937
315448.977	2717121.44
315399.978	2717102.694
315361.04	2717067.945
315313.324	2717053.701
315258.704	2717054.708
315220.645	2717062.463
315173.119	2717081.72
315121.655	2717084.727
315082.252	2717079.232
315029.444	2717063.488
314990.633	2717052.992
314935.975	2717043.244
314897.224	2717045.245
314846.472	2717058.248
314805.72	2717040.749
314777.564	2717006.499
314753.156	2716953.999
314740.186	2716909.748
314698.872	2716900.249
314661.901	2716882.25
314622.399	2716855.001
314577.741	2716820.502
314529.395	2716808.754
314481.111	2716811.506
314428.422	2716818.759
314387.044	2716800.01
314354.448	2716765.761
314327.009	2716739.262
314292.569	2716712.263
314247.316	2716682.515
314214.782	2716658.766
314182.249	2716634.767
314144.621	2716605.018
314106.181	2716579.019
314068.648	2716570.771
314022.989	2716563.523
313972.205	2716562.275
313930.39	2716553.027
313892.512	2716526.528
313854.948	2716542.78
313818.633	2716560.282
313773.568	2716561.534
313717.877	2716547.786
313667.812	2716539.788
313624.028	2716538.29
313585.995	2716537.542
313533.398	2716530.794
313486.457	2716528.296
313447.705	2716535.048
313401.889	2716555.799
313349.009	2716577.801
313298.13	2716592.053
313256.876	2716593.554
313206.59	2716604.805
313173.43	2716626.305
313143.331	2716657.305
313103.043	2716693.555
313061.536	2716725.304
313027.655	2716751.553
312991.368	2716767.553
312948.739	2716774.802
312892.797	2716778.803
312845.794	2716778.553
312801.978	2716777.053
312755.006	2716775.054
312716.909	2716774.804
312669.874	2716776.304
312627.933	2716779.055
312572.023	2716779.305
312519.925	2716778.806
312477.39	2716777.807
312439.262	2716777.559
312396.727	2716774.312
312350.598	2716745.315
312327.315	2716715.316
312308.502	2716680.817
312291.094	2716630.568
312285.814	2716576.317
312280.502	2716521.817
312259.315	2716468.819
312221.501	2716431.072
312188.624	2716409.325
312149.465	2716379.327
312111.618	2716339.579
312087.867	2716288.331
312060.928	2716239.832
312023.485	2716232.833
311968.823	2716234.835
311914.914	2716222.337
311880.787	2716200.589
311843.441	2716183.84
311802.157	2716180.592
311751.342	2716183.344
311699.901	2716183.596
311660.586	2716178.347
311601.645	2716159.6
311551.548	2716149.102
311512.171	2716145.353
311473.512	2716136.105
311435.51	2716121.356
311389.976	2716091.108
311355.85	2716068.109
311328.099	2716038.11
311302.41	2715991.361
311293.159	2715950.861
311287.095	2715913.361
311284.969	2715858.611
311287.844	2715817.111
311291.343	2715772.111
311292.342	2715727.611
311287.591	2715683.111
311276.527	2715634.861
311263.463	2715599.111
311242.117	2715565.362
311213.115	2715536.613
311182.206	2715508.364
311152.549	2715482.116
311108.828	2715467.868
311056.919	2715443.12
311027.887	2715418.871
311009.793	2715369.872
310980.855	2715333.623
310932.696	2715316.124
310887.756	2715298.626
310852.317	2715279.877
310816.284	2715258.129
310765.625	2715234.88
310726.998	2715217.382
310688.56	2715176.634
310659.685	2715131.135
310649.217	2715090.885
310651.594	2715030.385
310663.315	2714992.385
310676.289	2714954.386
310686.762	2714915.638
310697.298	2714868.64
310700.273	2714813.392
310698.027	2714774.644
310694.657	2714718.147
310688.037	2714667.9
310661.102	2714621.403
310625.103	2714592.656
310580.07	2714585.408
310531.849	2714573.41
310494.006	2714536.913
310470.132	2714503.165
310438.63	2714467.416
310386.158	2714432.666
310358.532	2714391.167
310336.033	2714344.168
310302.594	2714313.919
310256.245	2714309.919
310223.493	2714275.42
310206.619	2714237.671
310160.365	2714217.672
310109.048	2714200.173
310057.73	2714182.174
310022.29	2714164.174
309995.353	2714115.676
309962.604	2714077.429
309929.729	2714057.931
309880.353	2714034.684
309836.632	2714020.436
309788.506	2714002.188
309750.037	2713965.191
309726.226	2713920.692
309708.791	2713875.443
309666.477	2713842.695
309632.32	2713822.697
309582.286	2713802.699
309549.409	2713784.2
309513.502	2713745.201
309469.187	2713723.203
309433.748	2713706.455
309403.435	2713683.456
309368.091	2713648.458
309337.185	2713622.209
309307.497	2713598.711
309277.278	2713562.712
309261.06	2713524.713
309252.563	2713474.964
309254.816	2713426.214
309258.32	2713382.464
309265.011	2713336.715
309278.766	2713283.465
309300.114	2713235.965
309318.775	2713201.215
309341.999	2713156.965
309359.472	2713113.965
309336.942	2713069.716
309297.223	2713029.968
309268.222	2713003.219
309233.502	2712972.47
309192.533	2712933.471
309152.782	2712895.722
309116.219	2712861.223
309090.533	2712815.975
309072.441	2712769.976
309060.693	2712731.226
309000.475	2712677.479
308958.503	2712686.731
308919.03	2712697.482
308880.84	2712707.983
308833.711	2712721.485
308784.675	2712736.487
308735.608	2712756.988
308698.042	2712770.24
308644.039	2712771.742
308595.224	2712755.494
308552.848	2712732.995
308500.656	2712745.247
308457.309	2712767.249
308418.463	2712779.001
308374.616	2712780.502
308325.083	2712777.005
308284.424	2712780.006
308241.828	2712782.758
308185.888	2712788.26
308143.323	2712789.762
308087.382	2712793.264
308048.599	2712800.516
308016.658	2712822.517
307976.372	2712856.018
307945.713	2712878.519
307911.867	2712903.27
307877.364	2712928.271
307840.361	2712951.022
307778.606	2712977.273
307762.327	2712935.774
307734.704	2712893.775
307703.893	2712854.777
307692.771	2712810.778
307714.712	2712766.527
307718.935	2712713.278
307683.75	2712662.78
307647.813	2712630.281
307609.156	2712617.283
307571.156	2712603.784
307538.938	2712578.785
307513.814	2712542.287
307505.223	2712500.287
307501.196	2712446.288
307498.325	2712406.289
307490.39	2712367.04
307477.986	2712328.04
307457.269	2712296.291
307418.144	2712261.043
307375.175	2712232.794
307337.957	2712198.295
307299.488	2712162.547
307257.8	2712132.298
307212.925	2712100.8
307160.456	2712066.302
307099.452	2712070.303
307152.585	2712007.803
307179.652	2711956.552
307194.624	2711915.552
307208.94	2711869.301
307225.225	2711819.8
307211.758	2711762.551
307188.634	2711719.051
307155.322	2711676.302
307119.447	2711639.803
307077.821	2711608.304
307030.383	2711585.305
306991.194	2711566.306
306945.034	2711545.555
306905.157	2711531.303
306862.154	2711507.552
306821.808	2711477.549
306779.555	2711441.546
306757.118	2711390.542
306732.148	2711337.538
306673.175	2711328.787
306630.015	2711326.785
306586.887	2711320.784
306546.353	2711298.282
306517.351	2711268.53
306491.538	2711240.278
306461.88	2711210.276
306432.816	2711185.274
306382.813	2711148.521
306333.935	2711130.269
306286.837	2711135.018
306244.146	2711139.517
306186.829	2711146.766
306144.2	2711149.015
306102.166	2711143.764
306036.63	2711124.011
305998.441	2711093.509
305988.254	2711056.757
305979.287	2711001.755
305970.85	2710946.252
305966.851	2710908
305964.666	2710857.247
305965.042	2710807.244
305959.543	2710760.241
305955.982	2710719.739
305946.452	2710663.486
305923.452	2710618.982
305884.919	2710577.729
305847.823	2710549.727
305801.102	2710523.975
305753.912	2710499.472
305719.098	2710478.22
305676.064	2710445.217
305639	2710418.715
305598.967	2710377.462
305573.717	2710331.709
305554.28	2710268.705
305538.749	2710230.703
305523.249	2710195.95
305500.656	2710147.197
305466.03	2710103.194
305423.779	2710062.941
305392.465	2710040.189
305347.869	2710025.187
305277.864	2710020.186
305226.986	2710016.684
305190.046	2710008.683
305133.918	2709982.931
305085.447	2709962.429
305043.382	2709946.177
304988.598	2709935.175
304944.064	2709931.174
304880.466	2709928.922
304836.588	2709928.671
304783.804	2709927.92
304742.426	2709923.669
304691.548	2709920.918
304650.326	2709936.418
304614.823	2709953.668
304569.82	2709974.418
304519.753	2709998.168
304461.405	2710022.668
304415.807	2710051.168
304384.835	2710075.919
304342.456	2710110.669
304296.264	2710143.42
304248.728	2710164.669
304197.85	2710166.168
304148.16	2710151.916
304098.439	2710133.914
304053.749	2710112.662
303995.091	2710087.658
303942.815	2710070.398
303891.194	2710052.888
303836.48	2710046.378
303793.858	2710042.87
303744.268	2710043.862
303687.709	2710046.102
303642.525	2710040.093
303603.716	2710035.336
303550.938	2710038.077
303500.222	2710058.819
303448.125	2710066.817
303399.154	2710065.316
303357.809	2710058.564
303320.87	2710046.812
303269.15	2710016.06
303239.712	2709990.808
303210.212	2709952.306
303185.181	2709916.304
303158.775	2709871.052
303134.431	2709836.3
303104.244	2709792.797
303075.994	2709752.545
303054.807	2709719.544
303031.62	2709677.292
303014.183	2709631.54
303004.31	2709576.288
303000.187	2709524.286
302997.934	2709469.789
302998.304	2709418.794
303004.362	2709367.549
303006.543	2709300.056
303007.538	2709251.311
303009.19	2709208.815
303008.903	2709155.571
303006.742	2709117.325
302999.518	2709070.83
302988.387	2709015.836
302978.604	2708973.836
302968.762	2708923.333
302953.201	2708876.33
302923.639	2708829.577
302889.733	2708792.325
302856.452	2708763.573
302809.826	2708729.57
302779.701	2708701.068
302750.139	2708653.815
302719.234	2708608.312
302691.578	2708566.56
302663.266	2708525.057
302639.361	2708477.804
302626.956	2708439.802
302612.52	2708389.049
302591.771	2708339.046
302569.116	2708291.793
302526.803	2708253.79
302484.647	2708227.538
302445.553	2708194.286
302403.272	2708158.284
302357.897	2708128.782
302308.772	2708108.03
302260.396	2708104.529
302210.113	2708104.279
302164.956	2708103.778
302117.83	2708097.527
302078.298	2708088.776
302029.828	2708071.024
301985.234	2708063.024
301936.294	2708068.273
301884.198	2708079.023
301830.195	2708092.773
301783.849	2708105.523
301734.878	2708110.773
301690.346	2708106.523
301646.376	2708093.021
301586.375	2708063.269
301537.218	2708037.768
301461.968	2707978.764
301400.468	2707936.511
301358.312	2707903.258
301330.844	2707876.756
301297.563	2707839.004
301272.595	2707808.002
301240.658	2707781
301207.439	2707754.498
301172.346	2707731.746
301133.44	2707707.244
301085.565	2707670.741
301041.503	2707636.239
301010.847	2707612.987
300975.754	2707590.235
300927.911	2707560.232
300887.069	2707530.73
300829.008	2707490.477
300786.351	2707481.225
300731.695	2707476.474
300682.101	2707472.473
300626.788	2707467.721
300587.351	2707461.47
300533.882	2707449.219
300484.851	2707431.717
300449.195	2707419.215
300401.413	2707399.963
300366.35	2707383.712
300319.85	2707366.21
300272.1	2707353.208
300223.755	2707340.956
300168.504	2707349.456
300123.44	2707357.455
300084.751	2707368.955
300041.624	2707385.205
300007.435	2707403.205
299966.934	2707430.705
299932.746	2707454.454
299885.902	2707480.702
299852.308	2707498.7
299816.839	2707515.449
299769.277	2707532.946
299729.965	2707546.444
299692.59	2707563.192
299650.746	2707579.94
299604.997	2707582.937
299555.999	2707568.683
299498.094	2707556.428
299439.593	2707552.177
299387.591	2707568.426
299347.027	2707586.426
299307.056	2707598.925
299258.18	2707603.674
299197.147	2707601.423
299157.115	2707602.922
299108.802	2707601.421
299057.301	2707592.919
299006.394	2707582.417
298956.767	2707571.417
298910.266	2707556.416
298840.672	2707516.664
298778.796	2707466.411
298743.671	2707438.16
298703.452	2707406.159
298667.046	2707375.157
298628.109	2707349.406
298574.638	2707332.655
298520.605	2707327.904
298482.446	2707323.155
298435.911	2707303.157
298396.346	2707276.158
298368.814	2707240.658
298343.002	2707179.906
298328.158	2707142.655
298312.003	2707099.654
298290.097	2707050.153
298272.036	2707003.401
298260.349	2706964.15
298243.445	2706901.397
298242.572	2706862.145
298242.98	2706823.894
298243.89	2706766.14
298246.205	2706726.888
298251.334	2706654.884
298283.249	2706552.128
298312.192	2706504.374
298343.041	2706457.871
298368.857	2706413.868
298385.705	2706362.865
298396.802	2706307.612
298410.462	2706254.859
298420.371	2706213.607
298435.938	2706160.104
298442.69	2706121.352
298448.786	2706080.85
298458.039	2706034.347
298466.636	2705982.845
298475.857	2705931.342
298481.172	2705865.34
298482.111	2705814.087
298481.863	2705774.586
298481.645	2705736.584
298480.772	2705697.332
298481.117	2705649.58
298478.244	2705596.328
298463.963	2705547.577
298443.431	2705514.576
298414.585	2705478.075
298379.425	2705440.825
298347.391	2705402.325
298309.012	2705359.575
298275.727	2705322.824
298241.818	2705286.324
298213.69	2705259.074
298172.187	2705224.574
298142.153	2705199.323
298110.213	2705172.823
298071.272	2705145.323
298032.957	2705113.823
298003.58	2705089.822
297969.077	2705060.322
297931.386	2705030.822
297898.102	2704989.071
297881.35	2704951.821
297865.128	2704901.57
297855.939	2704851.069
297856.313	2704812.318
297858.593	2704767.068
297861.436	2704712.067
297866.279	2704673.816
297874.184	2704618.565
297878.308	2704564.564
297878.026	2704518.313
297871.961	2704462.562
297867.897	2704421.311
297865.74	2704379.311
297862.238	2704329.31
297860.018	2704280.309
297855.922	2704231.058
297849.201	2704172.557
297840.668	2704127.557
297825.072	2704073.056
297804.476	2704030.056
297782.63	2703992.805
297760.815	2703958.055
297736.968	2703906.804
297711.215	2703852.303
297682.337	2703805.553
297660.522	2703774.052
297631.05	2703732.302
297614.923	2703696.801
297600.703	2703659.051
297589.045	2703621.55
297573.48	2703570.299
297559.821	2703518.298
297548.757	2703478.298
297534.536	2703441.797
297513.284	2703394.797
297475.53	2703353.796
297431.527	2703325.546
297391.961	2703299.796
297348.552	2703271.046
297317.268	2703247.795
297278.327	2703216.795
297237.449	2703182.795
297195.289	2703149.544
297158.88	2703117.294
297129.471	2703090.794
297089.218	2703053.793
297058.56	2703028.043
297017.713	2702999.542
296983.898	2702981.541
296949.49	2702963.29
296900.363	2702934.288
296862.048	2702906.786
296823.764	2702879.784
296787.387	2702854.533
296744.634	2702825.032
296711.976	2702787.03
296683.755	2702741.528
296664.472	2702708.027
296630.469	2702657.026
296602.904	2702619.024
296572.745	2702568.523
296552.118	2702523.522
296536.584	2702478.521
296528.739	2702441.271
296525.301	2702400.02
296520.549	2702351.269
296517.016	2702294.768
296512.89	2702241.517
296511.295	2702189.516
296506.512	2702135.515
296505.542	2702082.764
296505.228	2702032.763
296506.164	2701979.262
296508.475	2701938.011
296507.537	2701891.26
296497.691	2701839.259
296487.22	2701789.009
296483.062	2701735.758
296482.717	2701682.007
296481.184	2701639.256
296480.245	2701586.755
296483.056	2701530.254
296482.836	2701490.753
296482.522	2701444.003
296477.739	2701389.252
296473.644	2701345.001
296470.143	2701292.251
296480.673	2701247.75
296515.267	2701188.499
296543.673	2701155.498
296575.83	2701116.497
296598.486	2701081.497
296630.018	2701039.246
296628.423	2700988.496
296581.889	2700967.245
296531.011	2700961.245
296480.133	2700951.995
296434.943	2700941.496
296393.566	2700929.247
296355.97	2700915.997
296308.218	2700897.498
296262.309	2700872.248
296220.806	2700845.249
296186.366	2700820.749
296142.926	2700786.749
296102.704	2700756.5
296056.139	2700725.75
296010.23	2700702
295968.789	2700680.75
295925.349	2700646
295893.409	2700620.999
295847.468	2700589.499
295798.996	2700561.998
295749.306	2700542.498
295711.116	2700532.747
295664.645	2700520.247
295626.455	2700509.747
295578.077	2700493.496
295524.574	2700474.746
295489.51	2700459.745
295444.257	2700435.495
295404.004	2700400.744
295370.72	2700362.993
295350.093	2700316.743
295332.653	2700268.492
295311.369	2700220.491
295289.492	2700173.74
295265.677	2700127.49
295234.893	2700083.239
295205.516	2700055.488
295174.826	2700027.238
295137.73	2699991.237
295103.196	2699952.236
295072.412	2699909.986
295042.315	2699873.235
295012.844	2699833.484
294975.748	2699794.483
294942.433	2699750.232
294916.055	2699700.732
294890.959	2699650.231
294862.081	2699601.48
294843.423	2699567.979
294822.234	2699528.728
294804.138	2699480.728
294817.512	2699436.977
294846.042	2699371.227
294874.98	2699324.227
294907.136	2699283.227
294938.667	2699244.477
294969.542	2699201.727
294994.667	2699155.727
295002.009	2699108.727
295000.383	2699051.726
294989.912	2699002.226
294972.441	2698952.975
294948.657	2698909.225
294919.218	2698876.474
294885.341	2698841.224
294857.12	2698801.973
294828.93	2698764.722
294794.365	2698725.722
294759.832	2698690.971
294726.611	2698662.72
294696.61	2698639.22
294654.451	2698604.719
294616.73	2698568.718
294581.603	2698539.217
294547.101	2698506.467
294516.349	2698467.216
294493.815	2698420.965
294479.532	2698372.965
294469.031	2698318.964
294461.717	2698267.713
294455.715	2698218.963
294452.902	2698178.213
294450.025	2698122.462
294449.149	2698083.212
294446.367	2698043.711
294444.147	2697992.961
294443.833	2697942.961
294454.332	2697893.961
294457.894	2697851.961
294457.643	2697812.711
294454.141	2697761.461
294443.702	2697714.461
294427.544	2697671.46
294408.167	2697620.209
294395.228	2697583.459
294371.382	2697530.208
294326.223	2697521.707
294278.034	2697541.706
294232.439	2697568.705
294188.656	2697579.704
294133.435	2697586.952
294094.684	2697592.451
294046.432	2697597.2
294000.711	2697602.449
293960.053	2697604.698
293903.488	2697606.946
293865.393	2697608.445
293825.328	2697606.194
293777.639	2697603.943
293730.605	2697599.191
293688.635	2697593.69
293647.914	2697589.689
293596.412	2697581.688
293544.878	2697573.686
293506.064	2697567.185
293469.156	2697558.434
293413.153	2697547.432
293353.338	2697533.18
293315.117	2697518.929
293274.99	2697501.928
293231.645	2697482.676
293194.674	2697465.675
293151.359	2697449.423
293102.982	2697432.671
293060.292	2697415.92
293025.228	2697398.919
292975.57	2697383.917
292922.817	2697380.665
292884.066	2697383.913
292826.876	2697383.161
292789.906	2697367.409
292756.747	2697349.158
292714.026	2697325.406
292664.93	2697300.403
292626.053	2697279.651
292583.957	2697258.399
292535.517	2697232.647
292487.671	2697200.645
292442.981	2697169.142
292404.697	2697145.89
292356.351	2697135.388
292308.724	2697140.136
292259.879	2697155.134
292205.315	2697172.131
292153.938	2697185.629
292112.655	2697192.377
292057.934	2697181.875
292007.088	2697176.623
291955.586	2697176.12
291901.647	2697188.118
291861.646	2697192.116
291821.019	2697198.114
291769.486	2697192.111
291724.953	2697180.359
291680.95	2697155.856
291637.573	2697128.854
291598.04	2697110.601
291545.194	2697095.098
291476.535	2697086.595
291435.221	2697089.593
291397.094	2697090.341
291357.062	2697090.089
291303.684	2697087.836
291249.651	2697086.833
291191.836	2697088.58
291141.584	2697081.327
291090.051	2697072.825
291051.268	2697067.822
291004.235	2697067.07
290962.296	2697065.318
290905.762	2697072.065
290847.979	2697078.812
290809.29	2697090.56
290771.226	2697102.059
290724.944	2697119.057
290672.754	2697106.554
290637.69	2697087.801
290596.219	2697063.299
290549.061	2697041.296
290498.777	2697027.043
290459.963	2697018.541
290399.523	2697010.037
290360.74	2697005.785
290310.488	2696999.282
290255.205	2696997.779
290210.703	2696995.527
290153.451	2696986.273
290102.542	2696974.021
290064.946	2696959.519
290022.85	2696932.517
289994.692	2696899.765
289961.346	2696855.514
289926.219	2696826.512
289894.28	2696796.26
289864.247	2696771.259
289821.526	2696746.007
289767.43	2696734.254
289716.522	2696725.751
289657.394	2696719.248
289601.361	2696704.245
289552.952	2696681.743
289511.356	2696639.491
289476.854	2696606.739
289436.538	2696561.988
289410.255	2696523.987
289378.128	2696465.985
289360.033	2696417.734
289350.688	2696345.233
289341.124	2696252.982
289328.341	2696191.981
288871.57	2695871.705
288808.88	2695852.202
288742.878	2695826.949
288687.407	2695817.446
288606.217	2695819.692
288554.965	2695823.439
288516.901	2695827.437
288479.556	2695833.436
288412.43	2695849.932
288362.584	2695858.93
288302.364	2695874.427
288245.706	2695885.924
288199.642	2695898.922
288148.547	2695911.669
288104.827	2695919.167
288065.388	2695919.165
288009.48	2695912.912
287971.292	2695910.91
287891.353	2695918.407
287836.228	2695945.404
287799.259	2695968.153
287759.884	2695995.151
287710.946	2696033.149
287656.508	2696073.396
287613.351	2696113.394
287575.507	2696141.643
287554.788	2696175.142
287515.724	2696228.89
287481.536	2696272.889
287437.598	2696311.887
287390.44	2696359.635
287392.753	2696411.136
287386.847	2696458.135
287368.253	2696501.135
287349.659	2696546.633
287331.721	2696592.631
287320.128	2696640.129
287311.065	2696687.127
287302.034	2696738.376
287299.971	2696777.125
287306.191	2696821.124
287315.629	2696859.373
287326.848	2696914.622
287332.411	2696960.371
287343.037	2697007.871
287359.35	2697056.123
287375.039	2697103.125
287383.727	2697154.126
287393.009	2697202.378
287399.729	2697258.129
287402.729	2697296.88
287408.136	2697353.882
287409.762	2697407.883
287407.637	2697452.384
287403.544	2697507.635
287393.762	2697556.386
287381.512	2697592.386
287355.886	2697637.385
287322.009	2697686.884
287289.446	2697727.383
287251.819	2697763.882
287218.599	2697802.631
287193.629	2697851.88
287178.16	2697900.88
287162.722	2697948.88
287150.44	2697992.63
287135.627	2698039.63
287114.438	2698093.381
287099.032	2698130.881
287086.781	2698167.631
287071.312	2698219.632
287060.28	2698275.383
287048.03	2698311.633
287008.184	2698340.631
286970.183	2698352.629
286929.462	2698360.627
286891.304	2698368.875
286851.865	2698374.873
286809.238	2698381.871
286767.299	2698382.868
286720.266	2698385.365
286675.139	2698381.863
286630.013	2698384.86
286589.23	2698405.108
286545.134	2698455.106
286523.351	2698498.106
286509.132	2698551.358
286500.694	2698588.859
286503.038	2698628.111
286504.788	2698667.363
286475.943	2698718.115
286441.474	2698749.615
286396.191	2698785.615
286365.565	2698812.116
286321.563	2698846.366
286289.656	2698869.616
286253.967	2698894.867
286217.622	2698922.617
286172.965	2698956.118
286125.807	2698984.618
286076.774	2699006.618
286029.648	2699025.369
285970.521	2699029.62
285928.583	2699023.87
285879.082	2699011.62
285830.831	2698997.37
285783.861	2698986.371
285738.111	2698980.621
285700.641	2698975.872
285660.016	2698968.123
285617.452	2698960.373
285567.889	2698957.624
285517.669	2698962.626
285476.95	2698966.878
285435.043	2698963.629
285396.293	2698955.88
285348.011	2698950.631
285305.448	2698949.882
285259.667	2698949.634
285203.135	2698946.135
285152.947	2698941.637
285107.165	2698944.638
285069.633	2698950.89
285030.195	2698956.392
284983.163	2698955.644
284934.882	2698950.895
284890.413	2698948.146
284842.037	2698961.898
284798.068	2698989.152
284759.786	2699023.157
284731.067	2699049.16
284699.785	2699081.915
284674.223	2699112.919
284652.441	2699144.673
284628.159	2699178.927
284602.565	2699215.682
284574.44	2699252.187
284546.314	2699284.441
284515.032	2699316.695
284474.813	2699355.451
284439.687	2699391.955
284413.499	2699421.209
284380.905	2699462.215
284355.967	2699493.969
284331.06	2699522.473
284299.123	2699553.978
284268.466	2699589.483
284238.403	2699631.74
284228.028	2699677.496
284225.309	2699715.501
284220.684	2699755.506
284215.372	2699805.013
284210.653	2699862.02
284209.778	2699916.777
284207.028	2699959.283
284201.153	2699996.538
284192.715	2700037.294
284177.84	2700093.053
284171.871	2700144.31
284171.621	2700198.318
284180.278	2700251.076
284186.465	2700289.081
284196.403	2700343.089
284201.278	2700388.845
284200.372	2700447.104
284189.34	2700497.862
284161.09	2700564.373
284140.496	2700614.631
284125.683	2700659.638
284114.714	2700698.895
284103.651	2700752.153
284094.589	2700793.41
284087.401	2700831.416
284076.338	2700892.176
284069.776	2700934.682
284064.463	2700986.191
284062.369	2701026.197
284059.026	2701064.953
284054.369	2701112.461
284038.181	2701173.971
284018.243	2701225.98
283988.18	2701268.988
283942.273	2701298.495
283904.71	2701313.75
283858.272	2701326.755
283802.271	2701340.01
283749.489	2701349.265
283699.238	2701359.27
283660.425	2701365.523
283341.793	2701410.55
283299.199	2701416.053
283252.76	2701423.557
283205.666	2701435.562
283166.196	2701451.817
283132.351	2701483.575
283082.85	2701532.587
283101.225	2701583.594
283114.381	2701664.357
283119.912	2701705.613
283100.318	2701787.378
283114.755	2701834.135
283140.756	2701873.14
283192.944	2701946.149
283223.507	2701991.154
283220.132	2702051.663
283186.975	2702110.175
283163.661	2702151.183
283163.442	2702194.439
283162.599	2702241.946
283176.786	2702279.201
283227.631	2702369.71
283231.787	2702423.968
283194.348	2702473.729
283163.222	2702524.489
283163.003	2702571.994
283164.065	2702621
283163.22	2702666.006
283161.751	2702708.511
283160.906	2702753.017
283160.093	2702797.273
283190.187	2702864.778
283210.968	2702919.033
283215.123	2702985.541
283194.341	2703039.549
283181.872	2703081.054
283131.933	2703106.061
283073.4	2703130.819
283042.68	2703179.576
283008.117	2703229.584
282973.585	2703275.842
282942.24	2703320.1
282914.708	2703364.357
282881.457	2703413.115
282848.831	2703453.122
282823.924	2703485.377
282783.673	2703526.384
282756.86	2703558.138
282731.234	2703599.143
282706.921	2703633.398
282671.795	2703671.403
282636.669	2703712.409
282602.793	2703748.414
282573.417	2703780.668
282545.979	2703807.922
282514.696	2703835.176
282481.539	2703861.681
282444.538	2703891.435
282406.255	2703922.94
282373.097	2703949.444
282333.564	2703975.949
282297.219	2703998.703
282258.343	2704021.456
282224.56	2704042.21
282196.403	2704088.963
282194.683	2704137.214
282210.902	2704177.713
282216.308	2704237.214
282240.652	2704283.213
282284.247	2704336.962
282305.623	2704385.711
282324.529	2704423.211
282345.342	2704462.711
282369.28	2704509.71
282386.906	2704543.46
282408.375	2704577.209
282431.75	2704610.208
282461.438	2704647.707
282493.033	2704684.706
282522.783	2704717.205
282549.283	2704755.954
282566.877	2704803.704
282573.627	2704855.705
282582.345	2704896.455
282594.845	2704940.955
282605.47	2704980.205
282618.626	2705019.705
282632.439	2705061.455
282650.001	2705114.955
282666.282	2705167.705
282684.469	2705219.205
282700.157	2705260.454
282715.25	2705299.954
282734.719	2705347.454
282754.219	2705396.454
282772.406	2705449.204
282788.094	2705491.204
282811.437	2705533.204
282835.405	2705568.703
282856.873	2705603.703
282883.997	2705648.952
282904.152	2705685.202
282923.058	2705720.202
282948.932	2705765.951
282971.619	2705802.701
282995.618	2705840.951
283023.398	2705881.7
283056.241	2705928.2
283083.365	2705972.699
283115.583	2706013.448
283145.99	2706036.948
283189.053	2706069.447
283232.741	2706106.446
283259.929	2706135.195
283283.304	2706165.695
283310.492	2706198.694
283351.649	2706235.694
283378.836	2706264.443
283411.087	2706303.193
283436.368	2706331.943
283467.244	2706392.943
283482.306	2706431.693
283490.369	2706479.944
283502.869	2706521.194
283536.401	2706559.944
283578.872	2706584.943
283623.938	2706595.942
283676.722	2706593.44
283721.818	2706600.189
283766.821	2706622.438
283804.197	2706654.937
283845.356	2706686.937
283878.326	2706705.436
283923.985	2706723.185
283961.456	2706734.184
284016.677	2706747.183
284063.022	2706763.683
284095.898	2706800.183
284114.773	2706840.184
284125.992	2706888.934
284123.929	2706927.185
284115.428	2706977.936
284101.208	2707026.687
284082.52	2707085.689
284065.112	2707139.44
284054.143	2707176.941
284053.955	2707219.942
284065.174	2707268.193
284084.642	2707319.193
284109.236	2707362.443
284143.33	2707411.443
284174.955	2707445.193
284205.956	2707477.693
284247.113	2707511.943
284278.769	2707533.693
284313.645	2707552.942
284355.49	2707579.692
284398.553	2707611.691
284438.491	2707637.191
284477.773	2707661.94
284517.649	2707695.191
284544.213	2707730.693
284570.088	2707767.195
284593.401	2707814.197
284609.682	2707862.948
284620.276	2707914.45
284624.526	2707953.201
284627.526	2707996.952
284624.806	2708036.452
284618.243	2708079.452
284607.898	2708121.952
284598.804	2708159.952
284588.459	2708197.452
284574.896	2708246.953
284576.52	2708307.703
284601.145	2708345.204
284647.395	2708375.205
284687.958	2708403.456
284720.24	2708429.456
284748.74	2708457.456
284775.927	2708484.206
284810.115	2708511.706
284851.303	2708539.707
284884.272	2708562.208
284917.211	2708584.458
284956.493	2708610.709
284991.337	2708633.71
285024.932	2708655.211
285073.746	2708685.963
285123.248	2708698.965
285163.937	2708701.466
285216.032	2708704.217
285254.158	2708703.718
285294.847	2708701.969
285352.099	2708693.471
285404.851	2708692.223
285449.946	2708699.974
285500.728	2708714.976
285548.98	2708721.475
285600.45	2708725.474
285637.889	2708739.474
285677.796	2708768.724
285715.171	2708799.974
285764.673	2708815.474
285804.674	2708823.973
285852.925	2708835.472
285891.645	2708848.222
285948.146	2708861.971
285986.241	2708866.471
286035.774	2708874.97
286083.463	2708875.719
286124.151	2708870.217
286176.309	2708865.216
286221.31	2708889.465
286256.154	2708915.715
286299.842	2708951.465
286335.249	2708990.966
286362.343	2709041.216
286374.874	2709079.967
286386.717	2709133.219
286411.31	2709176.469
286448.061	2709205.219
286484.811	2709227.469
286531.062	2709256.219
286572.219	2709289.97
286598.813	2709317.97
286625.376	2709345.97
286699.502	2709397.721
286744.502	2709421.971
286780.565	2709462.222
286798.815	2709501.473
286813.158	2709560.724
286815.469	2709607.726
286817.156	2709660.977
286819.436	2709714.229
286835.092	2709764.98
286855.248	2709806.481
286880.561	2709835.732
286918.467	2709879.482
286956.53	2709900.733
287007.906	2709922.482
287045.313	2709938.983
287084.657	2709958.233
287139.751	2709997.733
287162.47	2710032.734
287184.595	2710063.985
287209.189	2710102.236
287230.001	2710140.237
287246.907	2710196.238
287258.812	2710241.239
287260.78	2710311.741
287260.904	2710350.993
287261.09	2710400.744
287258.715	2710439.495
287246.807	2710488.247
287245.119	2710525.998
287274.525	2710566.249
287317.869	2710590.749
287366.87	2710603.249
287415.871	2710606.499
287464.903	2710611.248
287492.434	2710646.999
287508.59	2710698.5
287532.871	2710742.002
287565.371	2710775.002
287615.621	2710786.502
287656.31	2710803.503
287692.028	2710846.004
287719.434	2710877.755
287742.403	2710910.006
287763.527	2710960.507
287766.338	2711035.509
287763.931	2711079.261
287765.368	2711121.762
287764.867	2711167.013
287764.428	2711229.265
287781.115	2711282.516
287790.802	2711327.017
287795.989	2711365.018
287802.519	2711422.02
287801.362	2711460.271
287801.486	2711498.272
287807.361	2711548.273
287843.642	2711576.274
287891.924	2711569.024
287934.518	2711575.274
287968.269	2711593.524
288031.207	2711604.774
288076.27	2711586.274
288118.115	2711560.773
288171.46	2711536.272
288219.742	2711531.272
288285.775	2711513.521
288333.37	2711491.02
288379.089	2711485.269
288431.215	2711488.269
288473.809	2711498.269
288520.216	2711513.269
288558.967	2711521.519
288609.78	2711527.019
288660.562	2711529.018
288707.5	2711538.518
288750.156	2711573.269
288804.126	2711579.019
288863.657	2711621.519
288895.719	2711648.02
288936.781	2711686.271
288949.437	2711738.022
288965.717	2711778.024
288997.466	2711833.775
289049.092	2711878.526
289057.465	2711963.029
289071.965	2712010.28
289082.027	2712057.28
289077.527	2712109.281
289053.964	2712162.283
289043.026	2712206.284
289048.745	2712261.535
289077.87	2712308.785
289124.466	2712327.784
289171.561	2712334.284
289225.094	2712348.283
289262.095	2712360.033
289301.783	2712386.283
289336.503	2712423.783
289369.379	2712466.034
289402.223	2712503.784
289432.38	2712530.034
289462.756	2712574.284
289472.725	2712614.785
289483.569	2712675.536
289498.1	2712723.537
289509.319	2712759.787
289524.382	2712802.038
289533.726	2712840.039
289539.882	2712879.289
289544.788	2712920.04
289563.726	2712966.041
289599.821	2713012.541
289651.885	2713064.791
289682.698	2713091.791
289741.637	2713134.291
289773.637	2713155.541
289831.045	2713173.29
289872.984	2713175.289
289916.203	2713174.289
289961.923	2713172.288
290024.175	2713168.537
290065.458	2713168.787
290104.865	2713168.286
290153.21	2713172.035
290205.368	2713177.285
290249.307	2713185.034
290295.277	2713204.284
290324.902	2713238.785
290349.465	2713278.535
290375.965	2713316.286
290406.154	2713342.036
290441.498	2713377.786
290470.373	2713406.786
290511.563	2713452.036
290543.066	2713484.533
290575.258	2713521.03
290606.855	2713562.027
290629.576	2713606.025
290646.578	2713647.274
290657.391	2713706.524
290640.17	2713755.527
290618.292	2713788.28
290590.601	2713814.534
290547.751	2713845.539
290508.121	2713882.294
290481.15	2713912.796
290444.149	2713957.047
290419.711	2713987.798
290393.991	2714018.549
290367.741	2714057.05
290366.896	2714095.8
290359.365	2714161.302
290345.802	2714197.552
290340.207	2714266.303
290357.926	2714316.054
290367.364	2714365.055
290354.582	2714414.056
290337.362	2714466.307
290321.924	2714505.057
290305.143	2714540.308
290270.205	2714596.56
290249.611	2714628.56
290219.672	2714677.561
290211.953	2714726.062
290216.235	2714767.313
290209.297	2714829.565
290189.453	2714872.816
290177.922	2714921.317
290172.171	2714976.568
290172.765	2715029.318
290186.609	2715074.319
290201.703	2715115.82
290221.297	2715162.57
290254.141	2715201.571
290281.173	2715233.821
290300.767	2715279.322
290310.736	2715319.822
290336.673	2715365.073
290360.643	2715410.073
290362.611	2715468.324
290378.33	2715510.075
290397.299	2715560.075
290401.581	2715601.826
290383.737	2715652.827
290366.33	2715687.328
290349.58	2715723.828
290334.767	2715762.079
290325.83	2715815.33
290327.58	2715858.58
290317.267	2715902.581
290287.923	2715947.332
290267.954	2715980.583
290248.017	2716017.583
290224.423	2716065.334
290207.017	2716099.335
290187.11	2716137.586
290168.454	2716174.586
290149.923	2716221.837
290131.329	2716263.837
290112.079	2716303.588
290092.829	2716341.839
290063.736	2716410.589
290060.392	2716451.34
290051.392	2716499.59
290027.111	2716543.841
290020.768	2716601.592
290031.486	2716650.343
290047.955	2716702.344
290066.799	2716740.095
290099.674	2716782.845
290127.987	2716813.846
290159.549	2716851.347
290186.706	2716894.348
290211.362	2716939.098
290241.862	2716995.349
290265.987	2717047.6
290295.8	2717098.101
290319.082	2717134.851
290347.363	2717165.602
290382.488	2717179.852
290436.144	2717204.602
290480.301	2717231.353
290524.896	2717243.602
290581.585	2717254.849
290623.806	2717278.098
290650.994	2717324.597
290655.401	2717376.098
290670.588	2717428.598
290682.526	2717471.599
290694.526	2717522.349
290704.808	2717589.35
290693.838	2717632.601
290651.025	2717668.103
290604.555	2717683.855
290567.491	2717696.356
290515.553	2717710.358
290459.865	2717729.859
290417.584	2717758.359
290394.553	2717801.109
290400.209	2717849.859
290405.74	2717891.86
290396.146	2717942.61
290378.115	2717977.86
290359.397	2718011.61
290328.054	2718049.359
290303.242	2718099.857
290338.086	2718147.106
290386.837	2718187.855
290424.745	2718226.854
290452.621	2718273.352
290456.997	2718324.85
290457.529	2718371.099
290459.374	2718423.847
290472.063	2718478.344
290493.751	2718542.843
290512.75	2718592.592
290524.124	2718645.342
290526.686	2718701.841
290517.685	2718750.091
290502.309	2718795.342
290483.777	2718844.341
290468.308	2718881.341
290453.527	2718918.341
290434.277	2718959.34
290418.214	2719002.09
290416.746	2719040.589
290418.589	2719092.087
290423.589	2719140.336
290410.839	2719192.584
290397.34	2719237.083
290381.402	2719286.832
290367.809	2719322.581
290349.903	2719370.33
290339.059	2719421.329
290331.247	2719463.078
290329.84	2719506.327
290342.434	2719553.825
290358.122	2719593.823
290371.403	2719647.821
290369.31	2719687.82
290345.623	2719729.319
290332.186	2719777.067
290328.248	2719824.816
290326.874	2719870.314
290327.968	2719911.562
290332.874	2719954.061
290351.218	2720003.559
290374.687	2720057.806
290387.155	2720093.805
290394.78	2720149.553
290413.748	2720198.301
290440.123	2720231.049
290477.404	2720268.047
290505.841	2720311.546
290526.622	2720350.044
290547.341	2720386.542
290571.31	2720428.29
290592.059	2720466.038
290561.59	2720524.287
290633.309	2720558.784
290675.214	2720580.533
290786.37	2720622.028
290812.151	2720651.527
290834.776	2720686.775
290861.9	2720726.523
290903.712	2720769.771
290946.805	2720813.769
290974.43	2720839.517
291006.68	2720881.015
291033.898	2720925.263
291055.241	2720958.511
291086.147	2720995.009
291115.709	2721023.257
291148.49	2721055.256
291194.77	2721102.504
291218.8	2721150.502
291229.424	2721191.002
291247.829	2721241.5
291290.703	2721271.999
291340.108	2721315.247
291365.388	2721360.246
291382.95	2721396.245
291410.167	2721443.993
291439.042	2721469.242
291474.916	2721494.741
291509.447	2721517.99
291559.321	2721545.988
291600.758	2721559.986
291653.57	2721565.734
291698.289	2721586.983
291719.319	2721651.981
291740.849	2721701.979
291754.598	2721740.478
291768.441	2721787.226
291761.845	2721894.724
291841.096	2721861.973
291876.44	2721840.722
291917.471	2721816.722
291971.097	2721782.471
292019.66	2721749.72
292058.348	2721742.719
292098.63	2721707.469
292124.88	2721667.718
292143.381	2721616.219
292165.101	2721570.969
292187.508	2721527.969
292214.477	2721494.719
292245.946	2721465.219
292274.259	2721440.218
292316.446	2721405.468
292347.321	2721380.968
292390.821	2721348.718
292432.415	2721318.967
292470.914	2721296.467
292505.008	2721276.217
292541.632	2721254.968
292577.038	2721236.718
292620.599	2721209.967
292650.724	2721177.968
292678.318	2721144.718
292714.63	2721095.968
292745.912	2721052.468
292774.068	2721013.468
292804.224	2720981.218
292848.63	2720972.467
292900.724	2720972.715
292951.411	2720960.714
293012.098	2720933.213
293055.723	2720913.212
293111.503	2720902.211
293168.878	2720916.959
293206.033	2720945.707
293249.377	2720958.456
293301.97	2720945.205
293352.001	2720930.204
293396.875	2720910.453
293457.437	2720872.453
293490.843	2720847.953
293557.965	2720831.203
293602.87	2720811.703
293639.368	2720780.955
293672.647	2720747.456
293707.832	2720711.458
293742.361	2720674.961
293781.389	2720641.463
293824.98	2720621.965
293870.821	2720629.215
293916.226	2720657.215
293951.381	2720678.464
293995.567	2720706.962
294039.066	2720734.461
294087.689	2720766.959
294131.219	2720794.208
294168.873	2720808.458
294220.401	2720815.959
294258.524	2720817.459
294313.208	2720819.96
294351.299	2720820.211
294401.983	2720808.213
294455.855	2720794.464
294497.633	2720783.216
294551.567	2720777.467
294603.72	2720781.968
294649.062	2720804.217
294680.623	2720841.466
294705.873	2720882.965
294723.404	2720918.214
294734.061	2720964.462
294736.126	2721033.708
294736.565	2721072.456
294744.755	2721123.703
294763.756	2721174.951
294789.726	2721223.698
294818.664	2721256.196
294856.445	2721282.445
294893.538	2721302.944
294932.569	2721327.943
294977.256	2721349.692
295028.847	2721359.192
295082.187	2721357.444
295129.745	2721349.196
295190.021	2721340.949
295246.548	2721338.201
295303.7	2721336.204
295345.009	2721336.455
295397.819	2721345.956
295446.348	2721366.206
295494.315	2721391.206
295542.28	2721419.958
295580.058	2721446.71
295612.711	2721469.211
295653.145	2721501.713
295694.83	2721536.214
295720.548	2721563.964
295750.235	2721600.964
295776.048	2721636.963
295799.329	2721669.711
295838.736	2721724.959
295865.238	2721763.457
295893.02	2721801.955
295920.834	2721841.952
295956.929	2721886.449
295984.586	2721914.698
296012.336	2721949.447
296047.112	2721990.201
296079.293	2722026.707
296110.193	2722060.712
296140.437	2722093.467
296226.703	2722198.48
296251.263	2722236.982
296274.137	2722290.482
296296.134	2722327.734
296324.569	2722367.986
296362.909	2722420.989
296386.251	2722462.739
296406.904	2722511.992
296427.198	2722571.511
296437.276	2722626.526
296444.792	2722681.042
296457.308	2722729.556
296479.23	2722766.821
296512.55	2722804.594
296537.525	2722836.118
296561.313	2722875.643
296583.728	2722909.664
296609.298	2722943.438
296628.557	2722989.459
296622.492	2723045.212
296623.925	2723085.716
296634.227	2723136.726
296645.717	2723173.985
296663.547	2723222.249
296683.845	2723268.513
296716.825	2723305.282
296749.15	2723328.299
296784.661	2723355.068
296826.544	2723387.59
296856.403	2723411.854
296899.037	2723449.375
296923.899	2723478.137
296959.011	2723526.149
296993.002	2723567.907
297018.09	2723612.163
297042.678	2723657.167
297066.11	2723690.672
297092.947	2723728.678
297127.313	2723766.685
297163.4	2723810.442
297189.74	2723846.444
297231.325	2723886.951
297276.002	2723921.959
297288.071	2723961.452
297338.368	2723979.715
297381.763	2723999.474
297429.155	2724010.486
297475.298	2724022.497
297514.508	2724037.503
297557.909	2724060.755
297605.498	2724084.258
297641.744	2724100.759
297676.587	2724122.257
297717.663	2724171.241
297748.408	2724233.213
297773.361	2724272.445
297814.083	2724294.689
297859.857	2724300.193
297921.51	2724316.442
297966.702	2724338.434
298011.856	2724345.932
298058.269	2724358.42
298104.168	2724392.391
298149.372	2724414.37
298195.164	2724428.853
298237.841	2724453.328
298281.387	2724508.028
298324.15	2724577.233
298363.671	2724608.209
298403.815	2724634.687
298440.882	2724688.399
298463.321	2724737.867
298484.51	2724786.584
298477.069	2724832.059
298451.846	2724879.287
298443.156	2724926.762
298445.91	2724982.729
298431.491	2725026.967
298401.786	2725072.215
298372.735	2725113.713
298340.463	2725146.714
298297.374	2725175.467
298266.976	2725205.468
298252.553	2725249.211
298241.253	2725285.455
298232.552	2725334.445
298261.914	2725374.18
298290.058	2725414.664
298297.823	2725452.154
298291.062	2725509.143
298264.507	2725551.146
298262.799	2725598.143
298280.125	2725643.636
298289.201	2725694.381
298293.214	2725744.627
298295.32	2725796.624
298295.487	2725840.371
298292.5	2725893.618
298272.979	2725940.117
298227.981	2725964.371
298203.989	2726008.372
298175.521	2726046.375
298127.3	2726057.38
298083.485	2726066.385
298051.797	2726086.889
298001.638	2726097.395
297963.477	2726087.398
297927.222	2726076.652
297880.219	2726084.406
297830.091	2726105.66
297771.745	2726133.164
297725.462	2726155.417
297681.087	2726186.17
297659.621	2726227.42
297650.25	2726265.67
297646.631	2726316.918
297647.417	2726360.667
297652.706	2726416.664
297657.963	2726468.662
297654.999	2726519.911
297624.223	2726621.163
297590.691	2726659.166
297552.691	2726693.669
297521.066	2726736.421
297502.818	2726784.673
297488.384	2726837.424
297486.637	2726876.174
297484.297	2726931.924
297465.424	2726981.425
297450.332	2727032.927
297449.866	2727079.178
297467.245	2727137.679
297485.843	2727189.429
297502.534	2727233.179
297518.6	2727281.93
297528.322	2727337.931
297531.044	2727388.682
297526.108	2727427.933
297505.952	2727473.686
297495.891	2727510.437
297498.612	2727558.189
297496.238	2727605.691
297474.801	2727652.194
297452.082	2727688.947
297418.55	2727731.7
297393.236	2727763.453
297360.329	2727801.206
297321.109	2727846.209
297285.046	2727890.963
297265.483	2727923.965
297244.014	2727959.467
297221.264	2727998.469
297203.639	2728041.722
297198.703	2728080.224
297221.081	2728124.725
297244.709	2728157.476
297269.587	2728185.977
297314.185	2728217.477
297348.563	2728238.976
297387.411	2728261.726
297425.601	2728284.976
297458.73	2728307.726
297489.952	2728332.977
297516.767	2728363.227
297546.77	2728405.728
297581.836	2728440.479
297631.497	2728466.229
297677.969	2728493.479
297716.16	2728511.728
297757.507	2728529.228
297807.136	2728547.478
297850.452	2728577.728
297882.955	2728605.479
297921.208	2728638.48
297954.368	2728680.733
297975.464	2728712.984
298004.842	2728752.987
298048.157	2728786.238
298082.566	2728813.489
298126.539	2728854.49
298160.979	2728887.492
298197.982	2728932.994
298229.923	2728978.497
298251.675	2729022.75
298265.209	2729074.754
298274.929	2729128.758
298283.337	2729166.261
298296.183	2729208.014
298316.06	2729256.768
298339.719	2729304.271
298357.002	2729339.024
298384.504	2729389.028
298412.632	2729437.782
298443.322	2729484.786
298465.7	2729525.288
298498.953	2729588.541
298520.113	2729643.042
298517.303	2729715.045
298555.368	2729726.043
298594.777	2729735.291
298649.437	2729740.288
298691.377	2729736.785
298729.442	2729727.283
298767.538	2729715.53
298816.416	2729703.277
298859.575	2729695.524
298897.702	2729691.022
298953.018	2729701.019
299005.147	2729714.016
299047.808	2729738.013
299087.97	2729771.511
299121.692	2729788.509
299172.572	2729797.755
299215.171	2729812.251
299252.706	2729825.999
299288.992	2729843.496
299341.153	2729854.241
299390.033	2729841.986
299432.473	2729808.731
299477.444	2729772.476
299523.727	2729740.472
299584.042	2729729.47
299622.762	2729722.219
299669.734	2729710.716
299711.612	2729689.462
299759.179	2729665.207
299799.777	2729650.452
299837.25	2729640.948
299884.91	2729648.197
299923.098	2729664.698
299960.005	2729682.951
299998.817	2729701.205
300038.91	2729719.458
300080.939	2729748.964
300108.999	2729774.22
300151.057	2729812.23
300203.212	2729832.984
300243.335	2729854.239
300270.766	2729894.751
300279.85	2729946.266
300293.372	2729997.532
300308.749	2730035.533
300340.002	2730072.283
300376.285	2730089.283
300424.006	2730106.283
300466.634	2730128.283
300509.981	2730161.783
300555.142	2730181.784
300601.552	2730187.284
300647.369	2730206.284
300674.779	2730233.285
300718.097	2730263.785
300767.102	2730282.536
300815.419	2730292.536
300876.487	2730307.537
300929.275	2730325.538
300979.466	2730321.038
301030.218	2730299.287
301075.283	2730293.287
301120.474	2730313.538
301160.635	2730348.789
301188.076	2730381.79
301199.642	2730419.791
301215.084	2730469.293
301232.993	2730504.044
301264.935	2730549.545
301292.969	2730579.296
301321.035	2730609.546
301345.944	2730638.797
301381.635	2730676.548
301419.232	2730703.799
301455.922	2730712.799
301490.862	2730727.799
301537.741	2730754.55
301568.213	2730780.551
301600.685	2730808.052
301637.126	2730839.302
301673.723	2730857.803
301722.601	2730874.303
301761.76	2730883.054
301799.544	2730888.804
301856.36	2730894.554
301907.925	2730900.554
301958.209	2730894.304
302012.056	2730898.804
302068.462	2730848.552
302118.806	2730823.301
302158.9	2730812.8
302209.683	2730810.549
302256.028	2730809.549
302307.498	2730806.048
302346.843	2730806.298
302395.844	2730793.047
302447.969	2730783.296
302500.689	2730781.045
302545.599	2730800.296
302594.978	2730820.547
302635.605	2730820.797
302678.231	2730814.047
302729.045	2730809.797
302770.985	2730809.547
302809.111	2730807.297
302858.707	2730800.796
302908.364	2730786.046
302950.867	2730791.796
302998.995	2730811.047
303057.874	2730822.548
303067.095	2730859.299
303090.879	2730900.05
303128.102	2730930.302
303177.388	2730959.303
303212.859	2730973.553
303247.612	2730994.054
303281.084	2731017.805
303305.463	2731063.056
303312.621	2731115.807
303313.467	2731166.558
303308.5	2731227.309
303306.158	2731275.56
303305.816	2731315.561
303308.631	2731358.562
303340.758	2731390.563
303401.104	2731389.313
303450.856	2731368.813
303485.951	2731351.313
303525.484	2731333.813
303568.798	2731319.563
303619.708	2731309.063
303664.242	2731303.063
303712.495	2731306.813
303767.593	2731325.564
303814.471	2731341.815
303868.381	2731351.065
303911.572	2731352.066
303954.762	2731354.316
303999.859	2731354.816
304045.581	2731357.067
304090.052	2731356.817
304130.711	2731357.068
304168.152	2731363.068
304216.905	2731380.569
304266.253	2731404.57
304297.193	2731426.321
304333.759	2731458.822
304367.668	2731504.323
304393.202	2731564.074
304401.641	2731616.075
304408.768	2731673.326
304405.737	2731731.577
304398.862	2731791.828
304400.895	2731848.329
304399.802	2731900.329
304408.241	2731954.33
304423.18	2731991.331
304441.275	2732028.832
304472.154	2732096.833
304490.813	2732177.085
304496.002	2732234.836
304497.503	2732282.337
304500.192	2732338.338
304491.318	2732409.839
304474.631	2732501.09
304471.037	2732551.841
304471.319	2732590.341
304481.164	2732627.842
304503.009	2732673.092
304535.73	2732707.593
304586.982	2732732.844
304631.141	2732768.094
304666.393	2732805.095
304699.708	2732847.346
304731.147	2732883.596
304759.367	2732927.597
304789.431	2732974.348
304820.121	2733027.098
304841.434	2733058.349
304865.31	2733089.6
304896.718	2733129.35
304917.407	2733161.851
304941.783	2733207.101
304969.378	2733249.852
305021.787	2733287.603
305064.196	2733304.354
305100.98	2733313.105
305158.077	2733321.606
305202.486	2733329.107
305261.521	2733333.358
305314.868	2733336.859
305354.87	2733338.61
305400.623	2733337.611
305445.845	2733324.112
305503.067	2733313.363
305542.477	2733316.614
305594.575	2733317.116
305644.704	2733323.118
305684.676	2733327.87
305722.116	2733334.622
305772.152	2733350.124
305817.718	2733373.376
305865.097	2733401.128
305899.756	2733433.63
305950.134	2733486.133
305974.668	2733516.135
306009.858	2733560.138
306040.079	2733592.14
306071.488	2733629.892
306096.022	2733659.144
306121.711	2733701.896
306146.838	2733732.648
306179.497	2733775.9
306205.218	2733812.902
306240.47	2733851.405
306279.598	2733881.407
306329.039	2733893.909
306368.417	2733896.161
306427.453	2733900.413
306484.582	2733905.916
306539.149	2733915.168
306578.402	2733930.67
306615.748	2733946.921
306669.502	2733973.424
306709.38	2733992.676
306754.915	2734015.429
306803.606	2734041.682
306854.204	2734069.435
306895.364	2734084.937
306943.617	2734085.439
306982.495	2734073.69
307018.81	2734061.191
307055.155	2734046.192
307108.658	2734030.193
307153.317	2734008.944
307201.164	2733986.695
307237.447	2733976.196
307285.2	2733964.447
307323.39	2733957.199
307366.611	2733953.7
307405.988	2733955.952
307451.022	2733963.204
307513.025	2733992.206
307544.558	2734020.458
307571.622	2734050.46
307605.53	2734093.213
307632.563	2734128.465
307668.471	2734164.217
307708.91	2734187.969
307761.006	2734186.469
307797.57	2734145.469
307816.946	2734112.218
307837.604	2734072.967
307862.761	2734028.716
307885.356	2733986.465
307904.764	2733949.214
307928.079	2733898.713
307957.05	2733854.463
307997.897	2733833.213
308046.869	2733826.714
308096.435	2733825.216
308168.596	2733825.717
308210.036	2733838.219
308227.379	2733888.47
308247.285	2733937.472
308267.223	2733983.724
308286.536	2734026.476
308302.661	2734069.228
308315.693	2734107.98
308328.037	2734147.981
308338.507	2734185.483
308349.538	2734231.235
308360.007	2734271.237
308370.351	2734322.239
308380.195	2734360.241
308390.633	2734398.992
308397.883	2734443.494
308400.008	2734492.996
308411.038	2734536.248
308443.758	2734572.75
308496.197	2734608.752
308553.137	2734634.504
308603.202	2734650.006
308646.141	2734677.007
308681.36	2734721.259
308701.36	2734755.511
308724.516	2734797.012
308751.39	2734847.264
308772.078	2734881.016
308811.235	2734905.517
308853.049	2734919.269
308893.676	2734923.27
308957.804	2734925.771
309000.369	2734925.522
309056.309	2734923.273
309112.25	2734919.273
309165.065	2734909.774
309207.099	2734896.774
309256.853	2734874.775
309308.45	2734860.025
309360.547	2734856.776
309402.392	2734869.777
309458.018	2734901.279
309493.3	2734934.53
309521.486	2734977.781
309550.33	2735024.533
309577.299	2735062.035
309608.706	2735104.787
309631.3	2735135.538
309653.894	2735166.79
309679.644	2735200.541
309710.426	2735239.543
309741.864	2735279.045
309779.615	2735318.797
309807.366	2735345.048
309848.929	2735384.55
309888.649	2735418.552
309924.681	2735441.053
309965.152	2735461.054
310027.28	2735477.304
310065.375	2735480.804
310164.129	2735520.304
310204.441	2735559.304
310239.097	2735591.304
310265.534	2735618.805
310297.658	2735650.305
310329.22	2735675.805
310371.47	2735711.055
310409.314	2735742.555
310442.625	2735784.055
310462.529	2735831.806
310439.899	2735876.557
310391.395	2735901.558
310350.704	2735906.309
310299.264	2735902.809
310256.699	2735901.81
310217.947	2735903.311
310168.224	2735921.312
310133.095	2735942.563
310097.184	2735979.814
310082.086	2736037.316
310090.583	2736082.567
310105.955	2736138.318
310128.391	2736188.068
310156.577	2736237.069
310170.106	2736287.319
310165.821	2736341.321
310152.161	2736378.572
310132.688	2736424.073
310115.122	2736472.075
310099.431	2736521.576
310097.087	2736572.825
310111.743	2736638.324
310134.869	2736684.822
310152.963	2736723.071
310169.776	2736759.32
310187.245	2736795.569
310212.246	2736845.318
310229.058	2736882.317
310236.339	2736922.316
310236.588	2736967.315
310234.307	2737010.314
310221.776	2737063.564
310206.807	2737103.313
310179.838	2737136.814
310135.649	2737178.314
310097.867	2737211.065
310068.429	2737237.315
310025.522	2737275.816
309996.708	2737300.316
309963.458	2737328.565
309930.145	2737358.065
309902.614	2737385.065
309865.395	2737426.064
309850.333	2737478.063
309848.615	2737531.312
309869.742	2737582.811
309893.587	2737619.06
309924.338	2737660.059
309953.964	2737686.808
309976.966	2737746.057
310051.25	2737749.805
310100.564	2737778.803
310135.816	2737817.051
310158.38	2737850.3
310178.412	2737884.548
310188.82	2737924.547
310205.227	2737964.796
310219.948	2738039.294
310222.542	2738087.292
310219.48	2738133.791
310203.106	2738181.291
310169.668	2738223.041
310128.761	2738247.042
310078.634	2738236.544
310041.226	2738221.796
309993.006	2738210.048
309955.443	2738217.299
309920.973	2738233.049
309883.942	2738262.049
309838.66	2738288.3
309806.659	2738315.3
309752.565	2738335.801
309712.377	2738361.801
309674.002	2738395.802
309655.877	2738441.301
309654.846	2738492.05
309656.41	2738539.55
309657.348	2738580.299
309655.13	2738621.049
309636.318	2738672.299
309614.975	2738715.799
309590.506	2738757.049
309565.975	2738805.549
309542.1	2738851.799
309520.132	2738899.799
309504.476	2738947.299
309493.351	2738986.549
309480.914	2739032.798
309450.633	2739083.298
309436.29	2739127.048
309440.384	2739173.298
309443.104	2739226.047
309444.605	2739278.047
309442.825	2739338.797
309444.325	2739388.296
309446.607	2739426.546
309450.64	2739477.795
309471.86	2739524.295
309476.517	2739575.045
309463.361	2739625.045
309461.081	2739672.545
309473.426	2739715.794
309493.365	2739764.794
309511.523	2739798.043
309538.555	2739831.792
309574.495	2739867.541
309618.715	2739898.79
309657.342	2739916.789
309713.094	2739933.788
309752.47	2739937.787
309800.752	2739940.035
309850.316	2739939.784
309898.599	2739938.283
309938.006	2739936.532
309985.695	2739932.531
310043.478	2739936.779
310082.823	2739942.778
310134.199	2739957.026
310175.295	2739981.524
310209.952	2740017.273
310242.735	2740052.272
310273.518	2740093.771
310276.925	2740144.521
310269.457	2740202.271
310252.551	2740249.772
310254.083	2740294.022
310260.647	2740346.021
310259.71	2740386.771
310269.461	2740436.271
310296.994	2740486.02
310324.088	2740516.519
310350.496	2740551.018
310376.872	2740593.018
310398.81	2740628.267
310412.405	2740677.016
310405.656	2740724.017
310400.844	2740764.017
310388.469	2740800.017
310364.564	2740850.018
310344.595	2740882.019
310318.251	2740921.27
310297.532	2740966.77
310277.47	2741009.771
310259.407	2741044.022
310236.251	2741079.273
310212.344	2741129.274
310199.938	2741166.524
310182.406	2741215.275
310164.937	2741254.526
310137.218	2741300.027
310116.499	2741347.278
310105.249	2741403.778
310099.781	2741448.779
310096.906	2741490.029
310098.5	2741528.779
310096.281	2741566.78
310083.156	2741618.03
310064.437	2741654.781
310034.156	2741704.033
310002.124	2741738.534
309979.936	2741775.535
309951.654	2741861.286
309953.748	2741902.536
309957.874	2741940.036
309967.437	2741985.537
309973.906	2742024.287
309977.782	2742064.287
309977.314	2742118.538
309942.907	2742163.789
309901.094	2742237.042
309879.063	2742280.543
309847.469	2742347.545
309917.034	2742377.793
309955.16	2742374.292
310007.911	2742374.041
310053.662	2742373.289
310104.507	2742372.788
310156.571	2742377.036
310211.197	2742380.035
310253.729	2742383.534
310308.981	2742388.282
310369.295	2742395.78
310416.234	2742402.529
310457.485	2742411.528
310496.767	2742425.277
310536.018	2742442.526
310579.675	2742463.275
310616.395	2742480.024
310657.521	2742501.273
310696.117	2742521.772
310742.306	2742545.021
310789.213	2742561.27
310831.684	2742573.519
310870.31	2742586.518
310918.405	2742611.517
310953.533	2742711.268
310987.626	2742639.265
311070.88	2742614.512
311109.788	2742597.761
311148.602	2742591.009
311199.417	2742593.258
311247.607	2742603.757
311295.797	2742616.755
311355.301	2742646.504
311396.991	2742677.253
311427.212	2742709.753
311468.152	2742755.752
311497.091	2742789.002
311522.874	2742820.752
311554.939	2742862.252
311574.878	2742910.752
311580.879	2742956.253
311630.225	2742980.752
311682.947	2742984.5
311723.636	2742982.249
311775.107	2742979.997
311827.235	2742979.745
311879.393	2742972.993
311925.333	2742947.991
311976.835	2742942.74
312023.713	2742962.739
312060.402	2742983.238
312113.562	2743008.987
312168.721	2743021.485
312224.067	2743016.733
312271.101	2743011.981
312320.072	2743008.729
312374.075	2743008.978
312412.233	2743005.476
312461.298	2742988.724
312497.706	2742964.973
312530.957	2742938.471
312579.991	2742924.969
312618.055	2742932.218
312660.588	2742937.466
312702.558	2742936.465
312772.561	2742922.462
312814.594	2742910.711
312861.19	2742899.209
312896.223	2742949.959
312921.286	2742992.709
312947.037	2743030.959
312972.132	2743070.959
312999.79	2743106.209
313036.385	2743138.708
313077.513	2743161.207
313120.546	2743182.456
313154.048	2743201.706
313188.8	2743227.955
313218.426	2743256.205
313251.115	2743298.955
313265.959	2743347.956
313265.647	2743385.956
313264.678	2743425.957
313253.428	2743480.959
313242.333	2743519.461
313233.02	2743570.212
313227.582	2743612.214
313220.894	2743651.965
313211.675	2743692.466
313202.425	2743734.968
313194.424	2743781.22
313185.174	2743824.971
313175.33	2743862.973
313169.954	2743900.974
313167.079	2743938.975
313185.111	2743987.976
313238.957	2744009.225
313278.24	2744022.974
313314.96	2744039.723
313352.149	2744076.723
313351.117	2744124.225
313337.461	2744160.976
313308.553	2744198.728
313281.646	2744227.73
313250.895	2744257.482
313215.737	2744283.234
313194.455	2744322.986
313173.204	2744357.738
313151.891	2744399.99
313137.61	2744436.742
313130.953	2744474.243
313124.765	2744529.995
313130.078	2744578.747
313141.735	2744632.249
313153.454	2744674.75
313197.986	2744753.501
313244.769	2744773.75
313301.958	2744771.748
313352.865	2744763.747
313392.96	2744755.245
313431.805	2744744.743
313485.306	2744730.491
313547.527	2744736.489
313587.465	2744748.238
313625.466	2744761.237
313666.092	2744768.486
313703.53	2744774.485
313741.625	2744777.234
313785.439	2744780.232
313825.471	2744781.731
313871.847	2744781.98
313910.598	2744781.728
313981.787	2744778.976
314030.632	2744787.975
314069.258	2744789.223
314112.634	2744790.222
314160.354	2744797.221
314206.918	2744804.219
314256.326	2744810.218
314300.545	2744816.217
314356.422	2744821.465
314400.86	2744834.965
314438.767	2744847.964
314474.455	2744868.963
314514.33	2744904.713
314552.237	2744928.213
314592.894	2744936.212
314634.24	2744916.96
314675.429	2744899.958
314717.711	2744890.707
314763.025	2744903.456
314805.994	2744922.955
314855.214	2744915.454
314895.122	2744900.702
314945.312	2744868.95
314994.034	2744836.698
315032.255	2744815.446
315075.54	2744789.695
315123.761	2744775.194
315166.014	2744772.443
315206.234	2744777.693
315239.266	2744797.193
315277.891	2744829.193
315307.578	2744862.194
315326.92	2744914.945
315343.825	2744954.946
315377.231	2744994.446
315424.732	2745013.196
315482.359	2745032.696
315518.984	2745066.448
315553.798	2745082.449
315619.74	2745102.952
315653.866	2745125.453
315683.367	2745169.456
315718.649	2745209.708
315762.307	2745230.96
315795.061	2745186.209
315818.972	2745133.707
315859.914	2745093.956
315896.886	2745078.956
315936.983	2745070.456
315978.986	2745057.956
316016.615	2745041.956
316066.931	2745022.457
316106.997	2745015.208
316154.032	2745012.459
316209.317	2745010.21
316254.414	2745009.461
316300.136	2745011.713
316344.046	2745002.964
316380.362	2744988.214
316437.553	2744987.966
316482.619	2744990.217
316521.372	2744991.718
316567.751	2744988.22
316606.441	2744997.972
316650.788	2745012.974
316690.728	2745023.976
316736.388	2745031.478
316782.577	2745055.229
316828.111	2745081.481
316859.018	2745107.732
316891.831	2745136.482
316922.77	2745161.482
316956.271	2745180.732
316991.022	2745203.982
317030.242	2745225.23
317068.931	2745235.479
317113.246	2745253.727
317147.87	2745293.226
317174.838	2745339.225
317200.555	2745377.475
317231.462	2745404.975
317270.776	2745417.226
317313.871	2745428.976
317354.935	2745456.477
317391.434	2745498.729
317432.403	2745543.485
317475.436	2745563.989
317515.844	2745593.495
317554.314	2745628.003
317588.314	2745667.762
317634.472	2745695.269
317687.163	2745700.773
317721.603	2745681.274
317768.17	2745655.775
317823.518	2745644.028
317869.958	2745636.781
317908.837	2745620.033
317946.591	2745584.784
317990.033	2745553.285
318023.912	2745526.285
318049.072	2745475.781
318063.419	2745428.276
318096.141	2745387.272
318131.831	2745373.022
318171.802	2745380.275
318239.554	2745406.031
318292.338	2745397.533
318330.56	2745385.284
318371.218	2745382.285
318409.907	2745390.788
318457.535	2745392.541
318498.724	2745406.794
318534.756	2745426.797
318579.038	2745449.8
318617.007	2745468.553
318654.882	2745498.057
318661.599	2745535.56
318670.159	2745577.313
318685.752	2745613.067
318718.438	2745659.071
318750.562	2745691.575
318789.781	2745710.828
318843.626	2745731.582
318898.222	2745734.585
318935.225	2745715.085
318974.103	2745697.585
319009.793	2745682.086
319055.077	2745660.336
319111.548	2745668.839
319147.579	2745688.842
319176.515	2745724.596
319204.889	2745754.6
319262.547	2745771.604
319312.862	2745755.355
319352.927	2745748.856
319393.553	2745752.108
319437.241	2745769.611
319448.395	2745805.865
319464.486	2745859.37
319499.767	2745895.124
319527.358	2745940.878
319537.888	2745977.882
319545.823	2746016.635
319565.133	2746066.89
319576.161	2746117.144
319612.786	2746146.648
319648.88	2746157.65
319695.692	2746182.654
319731.629	2746216.658
319724.188	2746276.163
319732.716	2746323.917
319762.309	2746354.42
319791.308	2746383.174
319843.965	2746393.177
319894.685	2746406.18
319927.371	2746447.184
319945.4	2746496.689
319956.554	2746532.942
319965.77	2746573.696
319971.143	2746616.7
319973.921	2746669.454
319976.668	2746723.958
319978.916	2746762.211
319981.069	2746811.715
320007.379	2746856.219
320047.848	2746881.973
320092.192	2746896.726
320135.911	2746910.478
320159.159	2746943.731
320179.094	2746990.736
320198.53	2747025.739
320226.873	2747055.242
320265.997	2747088.496
320321.248	2747088.248
320359.374	2747087.249
320398.593	2747108.502
320407.746	2747156.007
320395.931	2747204.26
320379.772	2747239.762
320364.737	2747296.516
320353.546	2747344.019
320343.605	2747395.523
320335.665	2747436.026
320334.006	2747486.029
320337.409	2747540.033
320350.97	2747590.786
320378.625	2747629.788
320411.499	2747649.791
320450.219	2747654.542
320488.938	2747656.044
320542.909	2747660.295
320601.285	2747666.295
320641.318	2747663.545
320752.634	2747646.545
