10
5
     307.290       3300.112
     327.770       3247.864
     359.440       3259.921
     339.608       3313.475
     307.290       3300.112
6
    1202.427       3115.256
    1297.349       3163.081
    1182.942       3439.704
    1078.814       3400.804
    1084.929       3366.680
    1202.427       3115.256
42
    1388.734      11393.230
    1402.288      11134.567
    1464.983      11124.196
    1571.787      11121.740
    1618.323      11170.745
    1550.530      11318.213
    1557.308      11330.396
    1562.017      11343.517
    1564.534      11357.230
    1564.790      11371.169
    1562.021      11386.460
    1557.795      11399.752
    1551.468      11412.182
    1543.206      11423.420
    1539.852      11422.107
    1536.324      11421.382
    1532.724      11421.267
    1529.156      11421.766
    1525.725      11422.864
    1522.531      11424.529
    1519.666      11426.712
    1517.214      11429.350
    1515.246      11432.367
    1516.183      11433.052
    1516.989      11433.888
    1517.639      11434.851
    1518.114      11435.910
    1518.400      11437.036
    1518.488      11438.194
    1518.375      11439.350
    1518.065      11440.470
    1517.567      11441.519
    1516.896      11442.467
    1516.073      11443.286
    1515.120      11443.951
    1514.068      11444.443
    1512.946      11444.746
    1511.789      11444.852
    1510.632      11444.758
    1509.507      11444.466
    1508.450      11443.985
    1388.734      11393.230
136
   -1001.480      11805.872
   -1024.832      11817.700
   -1031.011      11811.937
   -1036.199      11805.270
   -1040.268      11797.866
   -1043.113      11789.911
   -1044.663      11781.607
   -1053.137      11781.391
   -1052.012      11773.004
   -1043.840      11756.801
   -1033.592      11741.822
   -1005.072      11712.080
   -1002.716      11711.694
    -987.472      11701.875
    -971.061      11694.161
    -964.064      11692.642
    -958.535      11693.865
    -951.411      11694.606
    -944.495      11696.465
    -937.959      11699.394
    -931.970      11703.320
    -926.678      11708.143
    -922.215      11713.743
    -904.272      11705.382
    -901.791      11712.075
    -900.400      11719.076
    -900.349      11722.409
    -899.739      11725.685
    -898.587      11728.812
    -896.927      11731.701
    -894.805      11734.271
    -892.281      11736.448
    -889.428      11738.171
    -886.325      11739.390
    -883.062      11740.072
    -879.731      11740.196
    -887.571      11751.186
    -884.379      11750.199
    -881.397      11748.690
    -878.712      11746.702
    -876.398      11744.292
    -874.521      11741.528
    -873.136      11738.488
    -872.280      11735.259
    -869.620      11738.792
    -866.406      11741.832
    -862.729      11744.292
    -858.693      11746.104
    -854.411      11747.216
    -850.003      11747.597
    -845.593      11747.237
    -841.305      11746.146
    -837.260      11744.354
    -833.571      11741.911
    -830.342      11738.887
    -827.663      11735.366
    -825.611      11731.448
    -841.888      11717.825
    -868.837      11715.429
    -887.284      11704.841
    -900.177      11689.438
    -914.553      11679.321
    -928.504      11668.626
    -911.901      11661.416
    -894.549      11656.265
    -883.084      11659.673
    -864.979      11658.832
    -846.905      11660.184
    -830.707      11665.320
    -833.482      11668.286
    -837.027      11673.514
    -839.666      11679.253
    -841.327      11685.347
    -841.964      11691.630
    -841.562      11697.933
    -840.130      11704.084
    -837.708      11709.917
    -834.361      11715.273
    -831.760      11721.637
    -820.548      11719.106
    -811.975      11719.810
    -803.635      11721.920
    -795.758      11725.376
    -788.560      11730.084
    -782.239      11735.916
    -776.966      11742.710
    -772.888      11750.282
    -770.116      11758.422
    -768.726      11766.908
    -768.756      11775.508
    -751.284      11764.014
    -734.411      11755.913
    -716.773      11749.651
    -698.569      11745.298
    -681.533      11744.540
    -686.855      11758.638
    -692.869      11770.038
    -702.436      11781.677
    -703.027      11780.075
    -715.796      11788.007
    -726.486      11796.769
    -738.343      11803.874
    -746.474      11804.216
    -759.866      11807.586
    -773.607      11808.963
    -784.633      11797.548
    -797.375      11788.085
    -806.797      11775.906
    -821.893      11771.051
    -837.579      11768.722
    -838.508      11763.321
    -857.687      11776.168
    -860.317      11771.336
    -863.702      11766.999
    -867.749      11763.273
    -872.351      11760.257
    -877.385      11758.033
    -882.713      11756.661
    -888.195      11756.177
    -880.372      11744.711
    -883.647      11744.151
    -886.791      11743.074
    -889.721      11741.507
    -892.362      11739.491
    -894.646      11737.079
    -896.514      11734.331
    -897.917      11731.320
    -913.245      11737.586
    -927.538      11745.943
    -940.514      11756.227
    -945.468      11761.689
    -955.053      11775.160
    -954.665      11785.021
    -955.459      11794.857
    -957.425      11804.528
   -1001.480      11805.872
36
    2176.875       2122.504
    2068.036       2107.941
    2068.062       2039.966
    2063.262       2038.058
    2059.086       2104.867
    2045.695       2101.073
    2036.158       2109.697
    2027.549       2106.849
    2025.605       2094.427
    2007.440       2092.556
    2007.499       2082.550
    2008.754       2072.622
    2006.058       2049.283
    1990.313       2045.587
    1975.064       2044.355
    1971.906       2047.373
    1968.379       2049.951
    1964.544       2052.044
    1939.634       2053.058
    1943.271       2047.933
    1946.030       2042.286
    1947.838       2036.267
    1948.647       2030.034
    1948.435       2023.752
    1947.209       2017.587
    1980.309       2017.997
    2012.690       2018.595
    2018.315       2026.641
    2025.104       2033.732
    2032.897       2039.702
    2041.511       2044.411
    2053.969       2043.424
    2056.801       2026.164
    2188.215       2066.024
    2183.201       2094.396
    2176.875       2122.504
77
    5148.161      10673.544
    5155.466      10673.708
    5162.636      10675.112
    5169.463      10677.715
    5175.747      10681.441
    5181.306      10686.181
    5185.978      10691.797
    5189.627      10698.126
    5192.147      10704.984
    5193.464      10712.170
    5194.892      10720.612
    5194.899      10729.173
    5193.487      10737.618
    5190.692      10745.711
    5186.594      10753.229
    5181.306      10759.964
    5174.974      10765.727
    5167.773      10770.361
    5157.178      10774.061
    5147.341      10779.461
    5138.531      10786.413
    5130.990      10794.725
    5124.928      10804.169
    5120.509      10814.484
    5117.857      10825.388
    5112.359      10816.746
    5105.491      10809.147
    5097.448      10802.805
    5088.457      10797.899
    5078.771      10794.568
    5068.664      10792.905
    5058.420      10792.957
    5048.329      10794.723
    5038.676      10798.153
    5026.759      10781.220
    5016.495      10763.235
    5007.977      10744.361
    5001.281      10724.766
    4996.468      10704.625
    4990.839      10703.722
    4985.435      10701.908
    4980.402      10699.232
    4975.877      10695.767
    4971.981      10691.606
    4968.444      10685.604
    4966.106      10680.408
    4964.652      10674.898
    4964.122      10669.224
    4964.530      10663.540
    4965.865      10658.000
    4968.091      10652.754
    4971.148      10647.944
    4975.332      10644.944
    4986.861      10578.479
    5000.452      10511.285
    5017.309      10442.811
    5031.809      10373.825
    5044.341      10305.539
    5047.157      10286.718
    5052.295      10269.485
    5059.290      10252.918
    5068.056      10237.217
    5077.663      10220.367
    5089.630      10206.959
    5119.442      10166.223
    5147.384      10122.625
    5173.385      10076.280
    5187.985      10108.824
    5203.096      10137.304
    5221.372      10168.015
    5239.532      10193.275
    5259.793      10218.380
    5250.860      10231.487
    5240.242      10243.271
    5228.596      10254.629
    5215.211      10263.150
    5148.161      10673.544
41
    8520.568       3001.763
    8518.255       3005.694
    8515.328       3009.193
    8511.869       3012.164
    8507.969       3014.528
    8503.734       3016.220
    8499.279       3017.195
    8502.874       3010.620
    8498.336       3010.100
    8493.944       3008.843
    8489.817       3006.883
    8478.973       2998.049
    8469.732       2987.549
    8462.344       2975.671
    8481.390       2941.921
    8478.242       2928.215
    8477.393       2914.178
    8478.865       2900.193
    8482.619       2886.640
    8511.574       2853.927
    8514.901       2838.657
    8520.670       2824.134
    8528.729       2810.745
    8538.860       2798.849
    8572.557       2769.746
    8568.971       2777.913
    8577.360       2777.182
    8585.757       2777.832
    8593.934       2779.848
    8579.828       2802.083
    8586.886       2806.609
    8593.108       2812.229
    8598.328       2818.791
    8602.405       2826.119
    8605.168       2845.856
    8605.322       2865.784
    8581.117       2903.916
    8576.115       2923.112
    8568.643       2941.488
    8558.828       2958.725
    8520.568       3001.763
141
    2810.885       2249.055
    2817.318       2243.883
    2815.238       2240.994
    2813.653       2237.807
    2812.605       2234.406
    2812.120       2230.879
    2812.213       2227.321
    2812.879       2223.825
    2809.738       2200.438
    2811.494       2197.325
    2813.730       2194.537
    2816.388       2192.148
    2819.397       2190.220
    2821.595       2183.754
    2825.067       2182.887
    2828.633       2182.593
    2846.205       2214.099
    2861.376       2225.314
    2877.836       2234.532
    2883.452       2234.795
    2889.045       2234.225
    2893.489       2227.846
    2898.677       2225.664
    2903.485       2222.739
    2907.807       2219.135
    2874.555       2189.400
    2844.681       2171.741
    2816.686       2157.893
    2820.302       2149.531
    2825.441       2146.983
    2830.900       2145.223
    2836.559       2144.288
    2842.294       2144.200
    2847.980       2144.959
    2866.213       2145.130
    2884.397       2143.790
    2901.409       2135.841
    2893.327       2127.832
    2885.255       2126.111
    2871.901       2103.423
    2861.286       2099.250
    2850.900       2098.688
    2840.762       2096.363
    2831.169       2092.342
    2822.401       2086.744
    2815.446       2083.188
    2809.074       2074.974
    2804.196       2065.795
    2800.956       2055.918
    2799.447       2045.634
    2802.537       2040.445
    2800.635       2015.554
    2801.821       2009.607
    2801.982       2003.545
    2801.114       1997.544
    2799.242       1991.775
    2796.420       1986.407
    2792.730       1981.594
    2788.278       1977.476
    2783.193       1974.171
    2777.622       1971.775
    2771.726       1970.357
    2787.424       1966.198
    2803.580       1964.553
    2819.795       1965.464
    2835.667       1968.909
    2842.428       1966.456
    2849.502       1965.148
    2856.694       1965.021
    2863.810       1966.077
    2870.655       1968.289
    2877.045       1971.596
    2882.804       1975.908
    2887.095       1977.567
    2891.149       1983.517
    2942.442       2034.437
    2972.100       2055.005
    3004.345       2081.026
    3039.246       2114.046
    3045.830       2117.367
    3051.762       2121.746
    3056.876       2127.058
    3061.026       2133.153
    3064.095       2139.858
    3065.995       2146.983
    3066.673       2154.325
    3072.546       2155.047
    3078.219       2156.731
    3083.535       2159.331
    3088.348       2162.775
    3092.524       2166.968
    3095.949       2171.795
    3101.679       2197.367
    3103.333       2203.022
    3104.029       2208.874
    3103.746       2214.759
    3088.403       2213.404
    3073.405       2209.888
    3059.057       2204.282
    3042.256       2176.451
    3030.003       2167.005
    3020.669       2164.411
    3011.574       2151.929
    3004.339       2138.284
    2999.746       2133.769
    2994.462       2130.086
    2988.636       2127.342
    2982.432       2125.613
    2976.027       2124.948
    2969.601       2125.366
    2963.336       2126.855
    2958.350       2134.492
    2952.935       2137.965
    2948.180       2142.295
    2944.217       2147.362
    2941.160       2153.022
    2939.095       2159.114
    2957.221       2163.397
    2973.612       2165.181
    2989.766       2174.493
    3007.653       2204.545
    3020.408       2218.047
    3031.071       2233.255
    3020.386       2244.262
    3008.377       2253.806
    2995.242       2261.729
    2981.198       2267.900
    2966.478       2272.217
    2940.182       2276.859
    2913.087       2274.196
    2887.335       2274.141
    2861.133       2266.849
    2854.326       2268.456
    2847.346       2268.900
    2840.390       2268.169
    2833.654       2266.284
    2827.329       2263.297
    2823.030       2265.891
    2818.053       2260.990
    2813.965       2255.325
    2810.885       2249.055
10
    8500.071      10114.823
    8499.054      10115.335
    8417.959       9827.457
    8389.700       9712.008
    8481.232       9687.340
    8535.697       9911.117
    8535.801       9955.391
    8551.702      10009.293
    8574.791      10090.657
    8500.071      10114.823
16
    2838.442       9787.228
    2818.610      10353.361
    2813.630      10360.809
    2809.477      10370.070
    2806.919      10378.659
    2805.674      10387.534
    2805.769      10396.494
    2807.203      10405.340
    2809.942      10413.872
    2827.618      10487.660
    2570.022      10544.092
    2561.864      10502.939
    2531.158      10507.852
    2644.415       9777.803
    2643.195       9774.175
    2838.442       9787.228
